-1571.8 11760.8 -89.3 284 0 95.9 16.3 5.0 2.5 2 0 2 3 3
-1799.0 12036.5 -85.9 300 0 40.9 36.5 7.5 0.0 0 0 3 0 0
-1553.0 11454.8 -85.4 60 0 16.7 30.3 10.0 2.5 2 1 4 4 4
-1591.5 11444.8 -84.8 89 0 15.7 22.7 7.5 2.5 2 1 3 1 1
-1789.3 11595.8 -85.6 12 0 13.9 20.3 7.5 2.5 2 0 3 5 5
-1729.4 11643.1 -86.9 282 0 10.4 48.9 10.0 2.5 4 1 4 1 1
-2066.4 11938.6 -88.8 357 0 79.1 16.8 10.0 2.5 2 0 4 2 2
-1806.4 11674.3 -87.1 160 0 13.1 27.0 7.5 2.5 2 0 3 1 1
-1786.5 11610.6 -85.9 10 0 15.9 20.3 10.0 2.5 2 0 4 0 0
-1951.2 11720.2 -86.6 0 0 17.1 25.8 7.5 2.5 2 1 3 0 0
-1946.6 11744.6 -87.0 1 0 22.0 30.4 10.0 0.0 0 1 4 1 1
-1962.9 11863.3 -88.2 102 0 13.9 16.0 10.0 2.5 2 1 4 2 2
-1754.1 11656.7 -87.0 15 0 19.7 10.4 7.5 2.5 2 0 3 4 4
-1998.3 12069.9 -85.3 90 0 39.2 61.8 10.0 0.0 0 1 4 5 5
-1773.0 11691.3 -87.4 224 0 10.9 19.6 10.0 2.5 2 1 4 4 4
-1839.2 12040.8 -85.5 210 0 14.5 10.8 2.5 2.5 2 0 1 2 2
-1796.6 11658.4 -86.9 159 0 22.8 19.4 10.0 2.5 2 0 4 3 3
-1749.3 11726.4 -88.1 203 0 8.3 13.3 7.5 2.5 4 1 3 0 0
-1862.9 11864.1 -87.8 67 0 19.9 31.5 7.5 0.0 0 1 3 3 3
-1836.7 11566.6 -84.7 13 0 8.7 30.1 7.5 2.5 2 1 3 5 5
-2125.6 11614.8 -85.7 270 0 35.8 56.4 10.0 0.0 0 0 4 2 2
-2158.0 11629.5 -86.4 269 0 28.6 53.7 10.0 0.0 0 0 4 5 5
2393.2 8832.3 -89.3 138 0 122.2 40.9 12.5 0.0 0 0 5 3 3
581.8 5243.9 -85.0 272 0 62.1 20.9 7.5 2.5 2 0 3 2 2
5458.2 3957.5 -86.9 271 0 19.7 46.7 10.0 2.5 2 1 4 4 4
5899.9 4485.6 -90.8 14 0 45.1 21.1 10.0 2.5 2 0 4 4 4
-6273.0 -8948.9 -75.9 347 0 23.3 29.7 7.5 0.0 0 1 3 3 3
2695.8 -10213.4 -93.3 289 0 78.1 67.0 12.5 0.0 0 0 5 3 3
-4821.6 -9623.9 -68.5 151 0 14.9 56.1 10.0 2.5 2 1 4 0 0
6923.4 -12004.3 -116.6 208 0 122.1 17.6 12.5 0.0 0 0 5 4 4
6393.0 11740.8 -94.4 63 0 122.0 17.3 12.5 0.0 0 0 5 0 0
3914.8 10927.5 -91.0 161 0 16.7 123.3 12.5 0.0 0 1 5 3 3
-5728.2 -7588.1 -74.1 294 0 54.9 18.5 10.0 2.5 2 0 4 5 5
2452.2 8758.6 -89.9 136 0 62.0 44.2 12.5 0.0 0 0 5 2 2
5175.3 -5826.1 -96.8 342 0 11.8 45.8 10.0 2.5 2 1 4 4 4
1778.0 3792.4 -88.6 97 0 56.7 10.1 10.5 3.5 2 0 3 2 2
1713.2 3802.1 -88.9 97 0 59.8 10.2 10.5 0.0 0 0 3 0 0
1644.9 3829.2 -88.8 277 0 65.2 14.9 10.5 3.5 2 0 3 0 0
1544.1 3830.7 -88.0 187 0 15.1 62.6 10.5 3.5 2 1 3 1 1
995.9 3711.5 -83.2 96 0 25.9 75.0 14.0 0.0 0 1 4 5 5
954.2 3807.0 -80.3 177 0 16.0 16.8 14.0 3.5 2 1 4 4 4
953.0 3824.0 -79.7 176 0 15.1 16.1 14.0 3.5 2 1 4 4 4
1000.7 3836.6 -80.5 262 0 29.4 10.0 10.5 3.5 2 0 3 0 0
990.1 3867.2 -80.2 263 0 35.4 27.9 14.0 0.0 0 0 4 5 5
1025.1 3870.6 -81.2 264 0 12.8 31.4 14.0 0.0 0 1 4 2 2
1034.9 3806.1 -81.6 358 0 51.6 14.0 14.0 3.5 2 0 4 4 4
1032.0 3741.2 -83.0 6 0 65.1 12.7 14.0 3.5 2 0 4 0 0
949.1 3920.6 -77.8 169 0 11.0 11.9 10.5 0.0 0 1 3 1 1
950.4 3894.0 -78.5 176 0 39.8 21.1 10.5 0.0 0 0 3 3 3
1026.9 3883.7 -80.6 68 0 8.6 33.4 10.5 3.5 2 1 3 4 4
996.3 3910.2 -79.6 79 0 16.3 33.5 10.5 3.5 2 1 3 5 5
1150.4 3743.1 -84.2 17 0 49.6 17.2 14.0 3.5 2 0 4 3 3
1275.1 4066.2 -84.7 79 0 10.6 56.6 14.0 3.5 2 1 4 2 2
1282.4 4136.2 -85.0 234 0 8.8 52.1 10.5 3.5 2 1 3 1 1
1308.4 4153.4 -85.1 235 0 21.7 26.8 14.0 3.5 2 1 4 4 4
1333.8 4173.0 -85.5 235 0 11.8 56.7 14.0 3.5 2 1 4 3 3
1354.2 4187.1 -85.6 235 0 10.1 54.5 14.0 0.0 0 1 4 5 5
1372.3 4107.4 -85.7 54 0 78.3 14.7 14.0 3.5 2 0 4 3 3
1429.7 3908.0 -86.1 81 0 16.9 69.7 14.0 3.5 2 1 4 0 0
1406.5 4050.6 -86.2 261 0 16.8 69.7 14.0 3.5 2 1 4 3 3
1322.0 4031.0 -85.8 171 0 12.4 70.2 14.0 3.5 4 1 4 2 2
1301.3 4011.3 -85.2 171 0 45.8 18.3 14.0 3.5 2 0 4 3 3
1309.1 3963.3 -85.2 171 0 40.8 18.3 14.0 3.5 2 0 4 2 2
-2791.6 3637.6 -86.9 46 0 69.4 29.5 12.5 0.0 0 0 5 2 2
-2740.8 3631.8 -87.6 178 0 26.7 13.7 7.5 2.5 2 0 3 5 5
-2791.9 3519.1 -80.6 178 0 36.8 36.8 12.5 0.0 0 0 5 0 0
-2749.9 3600.6 -85.4 176 0 21.8 13.8 12.5 2.5 2 0 5 1 1
-2773.9 3671.2 -86.0 142 0 18.0 27.9 10.0 2.5 2 1 4 2 2
-3414.0 3746.6 -70.9 52 0 15.5 13.1 2.5 2.5 2 0 1 3 3
-2625.9 2964.0 -67.1 181 0 41.8 16.2 17.5 0.0 0 0 7 5 5
6605.8 2063.9 -91.0 317 0 123.0 35.5 12.5 0.0 0 0 5 3 3
4472.1 7195.9 -88.7 209 0 11.6 122.6 10.0 0.0 0 1 4 2 2
-1885.8 11414.8 -82.3 281 0 122.4 36.0 12.5 0.0 0 0 5 5 5
-1545.2 11388.9 -84.8 10 0 18.1 11.1 10.0 2.5 2 0 4 3 3
-1710.1 12012.9 -86.2 337 0 57.6 49.0 12.5 0.0 0 0 5 4 4
-3947.4 5105.4 97.7 346 0 30.2 28.4 10.0 0.0 0 0 4 0 0
-3957.1 5006.4 98.3 72 0 20.0 40.8 12.5 2.5 2 1 5 3 3
-3929.3 4990.5 97.3 151 0 16.9 34.5 10.0 2.5 2 1 4 0 0
-3891.1 4945.1 96.1 61 0 22.8 18.9 10.0 2.5 2 0 4 2 2
-3893.6 5001.7 94.8 158 0 20.3 14.4 10.0 2.5 2 0 4 2 2
6706.5 -12180.0 -111.9 121 0 112.0 179.2 15.0 0.0 0 1 6 2 2
6890.6 -8066.2 -101.6 14 0 159.0 271.5 15.0 0.0 0 1 6 0 0
6525.0 -8386.0 -107.3 197 0 104.9 248.4 10.0 0.0 0 1 4 3 3
6737.4 -8606.0 -101.8 15 0 60.0 255.5 12.5 0.0 0 1 5 4 4
6922.7 -8656.5 -103.7 14 0 87.8 167.0 15.0 0.0 0 1 6 0 0
6839.1 -8499.9 -106.1 194 0 175.3 272.4 12.5 0.0 0 1 5 5 5
6906.5 -8096.4 -105.2 192 0 73.9 86.0 10.0 0.0 0 1 4 4 4
6915.8 -8021.4 -104.9 193 0 82.7 130.7 10.0 0.0 0 1 4 3 3
127.1 -7869.4 -99.1 89 0 452.5 194.3 10.0 0.0 0 0 4 3 3
