6325.1 3389.2 63.8 357 0 12.6 26.8 7.5 2.5 2 1 3 1 1
6271.6 3349.3 64.6 89 0 6.3 36.4 7.5 2.5 2 1 3 0 0
1053.2 6464.8 -376.3 162 0 78.2 42.9 12.5 0.0 0 0 5 3 3
-6524.9 11721.7 -388.1 241 0 29.4 8.8 7.5 2.5 2 0 3 1 1
-6710.8 11619.4 -379.9 49 0 14.4 16.6 5.0 0.0 0 1 2 0 0
-6821.1 12120.9 -382.8 273 0 6.7 35.0 7.5 2.5 4 1 3 0 0
-6851.7 12213.9 -385.0 269 0 36.0 9.5 7.5 2.5 2 0 3 4 4
-6790.5 12174.2 -388.1 70 0 10.8 34.7 7.5 2.5 2 1 3 5 5
-6785.6 12158.0 -387.2 236 0 9.9 36.2 7.5 0.0 0 1 3 3 3
-6818.9 12222.1 -388.6 177 0 29.5 10.2 12.5 2.5 2 0 5 5 5
-6183.7 12124.6 -392.7 138 0 26.2 19.2 10.0 2.5 2 0 4 3 3
-6198.8 12149.7 -392.7 138 0 23.7 19.2 10.0 2.5 2 0 4 4 4
-6219.1 12190.0 -392.8 136 0 27.5 17.5 10.0 2.5 2 0 4 4 4
-6234.6 12213.9 -392.9 138 0 23.6 16.8 10.0 0.0 0 0 4 5 5
-5974.7 12101.0 -389.8 350 0 16.5 24.8 10.0 2.5 4 1 4 4 4
-6013.1 12093.7 -391.8 260 0 22.6 18.4 10.0 2.5 2 0 4 2 2
-6729.4 11817.3 -380.3 58 0 7.0 19.1 7.5 2.5 4 1 3 0 0
-6704.0 11860.5 -381.8 237 0 10.1 25.4 7.5 0.0 0 1 3 2 2
-6724.3 11882.1 -380.7 237 0 10.3 21.0 7.5 2.5 2 1 3 1 1
-6707.2 11896.1 -380.4 236 0 10.2 16.6 5.0 2.5 2 1 2 4 4
-6730.3 11840.0 -380.8 237 0 11.0 19.1 5.0 2.5 2 1 2 5 5
-6741.8 11867.8 -380.4 236 0 10.1 15.3 5.0 2.5 2 1 2 0 0
-6690.2 11861.4 -381.7 237 0 9.9 17.7 2.5 2.5 2 1 1 0 0
-6771.8 11842.8 -379.3 185 0 9.6 15.8 7.5 2.5 4 1 3 1 1
-6738.5 11812.3 -379.9 58 0 8.6 18.7 2.5 2.5 4 1 1 5 5
5118.6 12660.4 -394.9 156 0 48.7 28.2 14.0 0.0 0 0 4 3 3
-6319.5 12534.9 -368.8 315 0 10.9 11.7 10.0 2.5 2 1 4 0 0
-6279.2 12609.9 -361.3 203 0 14.3 13.6 2.5 0.0 0 0 1 3 3
-6225.8 12478.0 -380.2 54 0 13.1 19.8 12.5 2.5 2 1 5 5 5
-6295.9 12636.4 -359.7 116 0 12.3 11.5 7.5 2.5 2 0 3 0 0
-6253.5 12657.6 -364.5 287 0 11.2 12.7 7.5 2.5 2 1 3 2 2
-6190.0 12496.3 -378.9 59 0 30.5 21.5 15.0 0.0 0 0 6 4 4
-6232.6 12591.0 -366.4 236 0 12.5 11.1 7.5 2.5 4 0 3 5 5
-6219.8 12600.8 -367.4 233 0 12.8 13.0 5.0 2.5 4 1 2 3 3
-6303.9 12536.0 -370.1 229 0 9.7 13.2 2.5 2.5 2 1 1 2 2
-6284.3 12636.5 -360.2 206 0 11.5 12.3 7.5 2.5 2 1 3 5 5
-6244.3 12582.7 -366.3 234 0 13.8 11.6 5.0 2.5 2 0 2 0 0
-6316.9 12515.7 -371.7 314 0 12.2 12.4 5.0 2.5 4 1 2 4 4
-6342.2 12577.1 -362.7 249 0 12.1 12.2 7.5 2.5 2 1 3 2 2
-6364.4 12579.1 -363.5 315 0 11.1 13.4 5.0 2.5 2 1 2 4 4
-6416.6 12642.7 -358.6 131 0 11.5 12.1 5.0 2.5 2 1 2 0 0
-6433.8 12649.3 -357.6 315 0 12.0 13.9 5.0 2.5 2 1 2 5 5
-6460.6 12661.5 -360.7 44 0 12.6 12.2 2.5 2.5 2 0 1 0 0
-6456.9 12594.6 -362.1 137 0 13.2 7.2 7.5 2.5 2 0 3 2 2
-6397.9 12663.6 -358.9 313 0 11.4 13.3 5.0 0.0 0 1 2 0 0
-6376.6 12568.7 -363.4 315 0 12.3 14.6 7.5 2.5 2 1 3 1 1
-6446.4 12661.4 -359.3 313 0 13.2 13.5 2.5 2.5 2 1 1 4 4
-6459.1 12651.5 -359.1 309 0 12.6 12.7 5.0 2.5 2 1 2 0 0
-6446.0 12598.3 -360.1 136 0 13.3 12.0 2.5 0.0 0 0 1 0 0
-6308.5 12610.3 -360.1 245 0 15.0 11.1 7.5 2.5 2 0 3 5 5
-6398.1 12614.8 -360.5 316 0 12.9 13.9 7.5 2.5 2 1 3 1 1
-6355.5 12589.4 -362.8 246 0 11.8 11.8 5.0 0.0 0 1 2 4 4
-6328.0 12582.8 -362.1 247 0 11.8 12.1 2.5 2.5 4 1 1 3 3
-6418.1 12675.3 -358.7 226 0 11.8 12.3 5.0 2.5 2 1 2 1 1
6293.8 3354.2 63.9 356 0 10.9 8.0 2.5 2.5 2 0 1 1 1
6352.9 3371.6 61.8 177 0 36.5 6.7 2.5 2.5 2 0 1 4 4
6341.1 3356.8 62.4 357 0 11.2 8.8 7.5 2.5 2 0 3 5 5
-6695.3 11681.0 -382.2 276 0 51.4 8.1 7.5 2.5 2 0 3 1 1
-6352.5 12696.6 -361.6 133 0 11.9 12.5 5.0 2.5 2 1 2 4 4
-6380.0 12746.6 -364.3 134 0 12.7 13.3 5.0 2.5 2 1 2 5 5
-6342.2 12707.3 -364.3 134 0 12.0 11.7 10.0 2.5 2 0 4 1 1
-6386.5 12675.1 -359.5 136 0 11.2 12.6 10.0 2.5 2 1 4 4 4
-6380.7 12762.7 -365.2 46 0 5.3 11.8 5.0 2.5 2 1 2 5 5
-6346.8 12735.4 -366.3 218 0 5.9 11.5 2.5 2.5 4 1 1 4 4
-6312.6 12666.0 -361.2 136 0 12.8 7.6 5.0 2.5 2 0 2 3 3
-6835.7 11806.0 -376.0 335 0 16.2 16.8 10.0 0.0 0 1 4 5 5
-6412.7 12747.3 -363.0 220 0 12.6 12.2 7.5 2.5 2 0 3 0 0
-6362.9 12651.7 -360.6 137 0 11.5 13.0 5.0 2.5 2 1 2 5 5
-6331.7 12658.1 -359.7 314 0 11.6 11.5 7.5 2.5 2 0 3 4 4
-6364.3 12708.1 -361.8 134 0 12.1 13.2 5.0 2.5 2 1 2 2 2
-6389.8 12723.3 -361.6 47 0 5.8 11.5 7.5 2.5 4 1 3 5 5
6348.8 -1512.1 -361.1 28 0 30.5 7.9 10.5 3.5 4 0 3 3 3
-6843.1 10615.8 -390.6 143 0 23.9 9.0 5.0 0.0 0 0 2 5 5
3610.9 11818.9 -218.6 123 0 5.3 6.8 5.0 2.5 2 1 2 5 5
4652.3 12775.6 -388.5 301 0 10.9 6.8 10.5 3.5 2 0 3 3 3
5062.3 12629.3 -395.1 13 0 22.5 41.2 14.0 0.0 0 1 4 0 0
6196.1 8503.9 371.9 199 0 7.9 8.0 7.5 2.5 4 1 3 1 1
5859.3 9126.4 333.6 62 0 6.7 6.7 5.0 2.5 4 0 2 1 1
5886.6 9058.8 334.0 352 0 5.0 6.5 5.0 2.5 2 1 2 4 4
5961.8 9019.4 325.6 111 0 6.2 5.2 7.5 0.0 0 0 3 3 3
5973.5 8903.8 320.4 183 0 5.8 9.9 7.5 2.5 4 1 3 4 4
6016.3 8570.2 351.1 317 0 6.3 9.8 7.5 0.0 0 1 3 2 2
5883.9 8958.8 324.4 146 0 4.4 10.7 7.5 2.5 2 1 3 5 5
5978.1 8764.4 317.9 344 0 16.2 10.8 2.5 2.5 2 0 1 1 1
6012.0 8725.0 327.8 173 0 5.9 9.3 5.0 2.5 2 1 2 4 4
6462.4 -522.4 -366.2 163 0 13.0 26.5 10.5 3.5 4 1 3 4 4
6690.6 1137.8 -109.1 53 0 8.3 15.4 5.0 2.5 2 1 2 3 3
6696.5 1169.8 -112.1 323 0 6.7 15.9 7.5 2.5 4 1 3 2 2
6710.2 1152.6 -115.4 322 0 7.4 13.6 7.5 2.5 2 0 3 2 2
6415.1 -1374.9 -374.2 74 0 9.7 19.9 10.5 3.5 2 1 3 4 4
6666.3 -868.1 -375.2 8 0 30.1 14.6 14.0 3.5 2 0 4 2 2
6640.2 -849.3 -378.5 188 0 62.0 33.4 14.0 0.0 0 0 4 2 2
-6036.2 7153.2 -373.0 265 0 12.3 53.6 2.5 2.5 2 1 1 3 3
-6816.2 8678.4 -377.2 329 0 14.9 8.5 7.5 2.5 2 0 3 5 5
-6130.1 6432.9 -384.3 292 0 67.4 129.7 12.5 0.0 0 1 5 3 3
-6037.8 6393.5 -384.2 292 0 67.4 129.7 7.5 0.0 0 1 3 5 5
-6733.7 8484.9 -369.2 359 0 17.6 11.5 2.5 2.5 2 0 1 2 2
-6591.1 11785.0 -385.3 345 0 20.2 11.4 5.0 2.5 2 0 2 4 4
-679.5 7140.4 -378.1 102 0 8.7 48.5 7.5 2.5 2 1 3 1 1
3131.6 6915.3 -364.6 43 0 13.0 7.7 10.5 3.5 2 0 3 4 4
2976.6 6858.8 -356.3 221 0 25.2 8.8 10.5 3.5 2 0 3 4 4
2983.9 6849.6 -356.0 223 0 6.6 7.0 10.5 3.5 4 1 3 1 1
3053.4 6893.3 -363.3 135 0 32.3 7.3 10.5 3.5 2 0 3 3 3
3001.8 6885.7 -359.6 225 0 44.1 27.0 14.0 0.0 0 0 4 4 4
3214.8 6215.0 -378.2 159 0 18.0 25.2 10.5 0.0 0 1 3 5 5
-6432.9 7290.6 -367.2 87 0 10.3 17.4 5.0 0.0 0 1 2 2 2
-6407.0 7295.3 -368.3 88 0 13.0 21.8 10.0 0.0 0 1 4 2 2
-6377.8 7300.2 -369.5 88 0 13.0 21.8 12.5 0.0 0 1 5 3 3
-6859.9 4425.8 -384.5 332 0 37.5 27.4 7.5 0.0 0 0 3 3 3
3730.5 6685.5 -358.9 272 0 11.5 27.6 10.0 2.5 4 1 4 3 3
6550.5 -954.9 -378.7 134 0 9.4 49.4 10.5 3.5 2 1 3 0 0
6541.2 -937.2 -378.2 133 0 7.4 36.0 10.5 3.5 2 1 3 5 5
6603.2 -920.4 -377.3 221 0 8.0 60.3 10.5 3.5 2 1 3 0 0
6626.0 -966.3 -378.0 42 0 9.1 48.5 10.5 3.5 2 1 3 2 2
6609.3 -997.4 -378.9 224 0 71.9 9.1 10.5 3.5 2 0 3 4 4
6640.3 -993.2 -378.8 309 0 7.9 60.3 10.5 3.5 2 1 3 0 0
6297.5 -1702.3 -370.1 195 0 17.2 10.4 3.5 3.5 2 0 1 4 4
-5933.7 12678.9 -372.8 54 0 12.9 13.7 10.0 2.5 2 0 4 1 1
-5949.6 12663.8 -374.2 56 0 14.4 14.5 12.5 2.5 2 0 5 2 2
-5966.6 12610.4 -376.4 186 0 16.1 13.4 10.0 2.5 2 0 4 0 0
-5955.2 12582.1 -377.6 10 0 14.8 14.3 12.5 2.5 2 0 5 2 2
-6756.7 11611.2 -378.5 127 0 7.9 13.2 5.0 2.5 2 1 2 1 1
6472.8 3095.3 88.2 196 0 11.5 19.6 10.0 0.0 0 1 4 1 1
3466.5 2192.2 -352.9 175 0 8.7 22.6 2.5 2.5 2 1 1 2 2
-6393.0 12156.0 -393.1 148 0 4.9 14.9 5.0 2.5 2 1 2 0 0
-6386.3 12145.1 -393.0 148 0 4.6 10.1 7.5 2.5 2 1 3 5 5
-5908.8 12286.9 -375.7 181 0 3.8 13.6 5.0 2.5 2 1 2 2 2
-5900.7 12252.5 -375.0 181 0 3.8 13.6 5.0 2.5 2 1 2 4 4
-5944.7 12263.9 -377.2 359 0 6.2 14.9 5.0 2.5 2 1 2 4 4
-5895.0 12228.9 -375.5 145 0 7.1 14.6 7.5 2.5 2 1 3 4 4
-5942.4 12206.5 -377.0 359 0 6.2 14.9 5.0 2.5 2 1 2 4 4
-5888.1 12206.8 -377.0 146 0 7.9 14.6 5.0 2.5 2 1 2 4 4
-5943.1 12229.5 -377.0 359 0 6.2 14.9 5.0 2.5 2 1 2 1 1
-5904.9 12153.3 -380.4 245 0 6.1 15.0 7.5 2.5 2 1 3 0 0
-5892.2 12218.1 -376.1 146 0 7.9 14.6 5.0 2.5 2 1 2 0 0
-5922.5 12153.0 -381.6 292 0 6.1 15.0 7.5 2.5 2 1 3 3 3
-5895.7 12158.5 -379.8 230 0 6.1 15.0 5.0 2.5 2 1 2 2 2
-5944.0 12252.6 -377.1 359 0 6.2 14.9 5.0 2.5 2 1 2 1 1
-5937.1 12165.0 -380.8 331 0 6.2 15.0 7.5 2.5 2 1 3 1 1
-5969.2 12433.3 -377.0 145 0 6.4 16.1 5.0 2.5 2 1 2 2 2
-5904.6 12395.0 -376.1 120 0 6.3 16.1 5.0 2.5 2 1 2 2 2
-5978.3 12446.5 -377.1 145 0 6.4 16.1 2.5 2.5 2 1 1 4 4
-5986.9 12459.2 -377.2 145 0 6.4 16.1 2.5 0.0 0 1 1 1 1
-6003.7 12454.2 -377.9 327 0 15.1 15.5 2.5 0.0 0 1 1 1 1
-6015.2 12424.0 -378.0 147 0 11.7 15.5 2.5 0.0 0 1 1 2 2
-5967.2 12400.9 -377.6 326 0 15.1 15.5 5.0 0.0 0 1 2 2 2
-5946.3 12280.1 -377.5 1 0 15.1 15.5 5.0 0.0 0 1 2 0 0
-5949.0 12345.9 -377.7 1 0 15.1 15.5 2.5 0.0 0 1 1 4 4
-5946.8 12301.9 -377.8 1 0 15.1 15.5 5.0 0.0 0 1 2 3 3
-5948.1 12324.3 -377.8 1 0 15.1 15.5 5.0 0.0 0 1 2 4 4
-5874.1 12382.6 -375.6 88 0 9.7 8.1 5.0 2.5 2 0 2 1 1
-5867.6 12362.0 -375.0 178 0 3.8 13.6 5.0 2.5 2 1 2 5 5
-6018.4 12478.0 -378.1 324 0 25.1 19.3 10.0 2.5 2 0 4 0 0
3609.5 6826.3 -364.3 238 0 8.5 15.1 10.5 3.5 2 1 3 5 5
3583.0 6813.7 -364.5 15 0 13.0 9.5 10.5 3.5 2 0 3 2 2
3589.9 6827.6 -364.1 46 1 11.8 10.7 14.0 3.5 2 0 4 3 3
3632.3 6857.8 -363.4 58 0 8.5 15.1 10.5 3.5 2 1 3 1 1
3646.4 6789.1 -365.2 57 0 8.4 15.0 10.5 0.0 0 1 3 3 3
3658.0 6826.8 -364.6 147 0 15.1 8.5 10.5 3.5 4 0 3 5 5
3656.9 6856.5 -364.0 237 0 8.6 15.1 10.5 3.5 2 1 3 5 5
3674.2 6837.2 -364.4 327 0 15.0 8.4 10.5 3.5 2 0 3 4 4
3716.1 6862.7 -363.9 328 0 15.1 8.5 10.5 3.5 2 0 3 0 0
3725.9 6869.0 -363.7 328 0 15.2 8.5 10.5 3.5 2 0 3 4 4
3958.8 6889.7 -355.9 343 0 24.6 10.6 10.0 2.5 4 0 4 5 5
3946.4 6873.3 -357.1 340 0 24.2 10.7 12.5 2.5 2 0 5 2 2
3634.9 6615.1 -371.3 329 0 24.5 8.3 10.5 3.5 2 0 3 0 0
3062.9 6486.2 -370.7 353 0 7.6 24.4 10.5 3.5 2 1 3 5 5
3567.3 5794.0 -381.5 154 0 14.8 12.2 5.0 0.0 0 0 2 4 4
-5536.9 12718.2 -384.3 89 0 25.6 61.8 10.0 2.5 2 1 4 3 3
4027.3 6613.1 -305.0 330 0 65.1 67.7 12.5 0.0 0 1 5 0 0
3952.4 6948.4 -356.9 214 0 18.0 7.1 7.5 2.5 2 0 3 0 0
3237.5 6469.0 -375.3 228 0 25.9 6.1 12.0 3.5 2 0 3 2 2
-5961.5 7556.1 -381.7 238 0 56.7 46.4 12.5 0.0 0 0 5 2 2
-5971.9 7556.1 -382.4 58 0 72.8 29.8 10.0 0.0 0 0 4 3 3
-6003.9 7608.0 -383.2 239 0 72.1 29.6 12.5 0.0 0 0 5 3 3
-6010.0 7614.8 -382.9 54 0 43.9 27.1 10.0 0.0 0 0 4 0 0
-6070.4 7623.7 -384.0 136 0 37.1 74.6 10.0 0.0 0 0 4 1 1
-6072.3 7675.8 -384.1 225 0 70.1 20.1 12.5 2.5 2 0 5 5 5
-6074.9 7681.3 -384.3 46 0 71.8 16.7 12.5 2.5 2 0 5 5 5
-6065.3 7726.2 -384.6 316 0 16.2 67.7 12.5 2.5 2 1 5 4 4
-6117.7 7776.1 -385.6 44 0 16.3 33.3 10.0 2.5 2 1 4 0 0
-6161.2 7692.7 -382.0 317 0 7.7 27.9 8.0 2.5 2 1 2 5 5
-6057.9 6543.4 -383.3 24 0 32.8 21.9 10.0 0.0 0 0 4 5 5
-5994.9 6553.9 -382.3 24 0 32.8 21.9 7.5 0.0 0 0 3 3 3
-6326.7 6097.5 -383.6 218 0 29.6 19.4 10.0 2.5 2 0 4 0 0
-6897.5 11626.3 -374.5 316 0 14.4 18.9 7.5 2.5 2 1 3 2 2
-6869.5 11611.5 -378.0 135 0 12.8 42.7 12.5 2.5 2 1 5 4 4
-6842.2 11655.1 -375.0 47 0 10.2 33.1 12.5 2.5 2 1 5 0 0
2934.5 2883.2 -363.7 76 0 4.9 8.3 2.5 2.5 2 1 1 2 2
2914.4 2707.8 -369.4 246 0 8.8 9.7 7.5 2.5 2 1 3 4 4
3032.2 2772.1 -356.2 248 0 8.5 16.1 5.0 2.5 4 1 2 4 4
3067.4 2767.5 -353.5 270 0 9.6 5.6 7.5 2.5 2 0 3 1 1
3054.0 2763.1 -355.1 353 0 3.8 10.2 5.0 2.5 2 1 2 2 2
3047.3 2775.8 -354.8 268 0 6.6 9.5 5.0 2.5 2 1 2 4 4
3551.2 5402.9 -379.1 246 0 10.6 9.4 7.5 2.5 2 0 3 5 5
3549.2 5412.6 -380.7 246 0 6.7 8.5 7.5 2.5 2 1 3 1 1
3691.8 5885.2 -381.7 279 0 15.8 5.4 7.5 2.5 2 0 3 1 1
3795.0 5732.1 -381.6 19 0 14.5 6.0 2.5 2.5 2 0 1 0 0
3867.4 5691.3 -381.7 123 0 8.2 7.5 2.5 2.5 2 0 1 5 5
3895.3 5769.6 -381.9 136 0 6.7 13.4 7.5 2.5 2 1 3 5 5
-5617.2 12825.3 -389.5 90 0 38.4 250.9 10.0 0.0 0 1 4 3 3
3037.5 2807.7 -354.8 254 0 9.4 6.9 5.0 2.5 2 0 2 3 3
3044.8 2806.5 -353.6 164 0 6.9 9.3 5.0 2.5 2 1 2 4 4
3053.7 2818.3 -352.4 164 0 3.8 8.4 7.5 2.5 4 1 3 4 4
3054.9 2814.2 -352.4 164 0 3.8 8.4 5.0 2.5 2 1 2 4 4
3043.9 2891.0 -351.9 161 0 4.5 10.0 7.5 2.5 2 0 3 0 0
3028.7 2898.0 -353.4 163 0 3.8 8.4 5.0 2.5 4 1 2 1 1
3026.7 2879.6 -354.4 250 0 8.4 3.8 5.0 2.5 2 0 2 3 3
3026.8 2879.6 -354.5 70 0 8.4 3.8 2.5 2.5 2 0 1 2 2
3028.8 2886.5 -354.5 340 0 3.8 8.4 7.5 2.5 2 1 3 3 3
2993.9 2890.3 -357.2 160 0 3.8 8.4 2.5 2.5 2 1 1 1 1
2992.6 2894.0 -357.2 160 0 3.8 8.4 2.5 2.5 2 1 1 1 1
3013.7 2906.7 -354.8 160 0 3.8 8.4 5.0 2.5 2 1 2 2 2
3047.4 2799.4 -353.5 160 0 3.8 8.4 7.5 2.5 2 1 3 0 0
3116.8 6230.4 -379.8 229 0 9.8 8.8 10.5 3.5 2 0 3 3 3
3091.0 6260.1 -380.3 302 0 5.5 9.7 10.5 3.5 2 1 3 4 4
3035.0 6245.6 -381.0 300 0 7.9 7.8 10.5 3.5 2 0 3 5 5
3076.0 6254.1 -380.4 217 0 10.0 6.5 10.5 3.5 2 0 3 0 0
3108.4 6330.6 -380.1 207 0 9.8 8.7 10.5 3.5 2 0 3 4 4
3056.3 6353.5 -380.8 272 0 6.2 7.7 10.5 3.5 2 1 3 3 3
3030.3 6256.6 -381.0 119 0 10.1 9.5 10.5 3.5 2 0 3 2 2
2984.2 6267.0 -380.5 137 0 7.8 10.6 10.5 3.5 2 1 3 0 0
3166.7 6245.2 -379.2 291 0 6.8 12.8 10.5 3.5 2 1 3 3 3
3010.1 6331.0 -381.3 203 0 9.3 8.7 10.5 3.5 2 0 3 4 4
3054.9 6257.3 -380.8 44 0 6.9 8.2 10.5 3.5 2 1 3 3 3
-5984.0 7422.9 -378.4 59 0 31.0 15.6 7.5 2.5 2 0 3 5 5
-6737.6 12080.6 -385.6 196 0 6.3 16.0 2.5 2.5 2 1 1 1 1
-6868.8 12870.0 -388.0 298 0 18.5 27.5 10.0 0.0 0 1 4 1 1
-6898.7 12787.5 -388.1 69 0 14.0 34.3 7.5 2.5 2 1 3 3 3
-6779.3 12878.6 -385.0 154 0 5.3 13.7 7.5 0.0 0 1 3 4 4
-5889.6 12879.8 -384.9 234 0 10.1 25.6 10.0 2.5 4 1 4 1 1
-5909.5 12841.4 -383.9 314 0 27.3 10.0 5.0 2.5 2 0 2 3 3
-5925.8 12861.4 -383.6 328 0 27.2 9.6 7.5 0.0 0 0 3 3 3
-6876.0 12491.3 -390.5 295 0 28.1 38.1 12.5 0.0 0 0 5 5 5
-5650.4 12751.6 -385.6 311 0 27.0 14.5 10.0 0.0 0 0 4 4 4
-5673.6 12773.1 -388.0 311 0 26.6 14.5 15.0 0.0 0 0 6 1 1
3871.3 5872.5 -380.2 358 0 10.3 5.4 5.0 2.5 2 0 2 4 4
6309.1 3437.0 64.4 267 0 34.9 30.4 12.5 0.0 0 0 5 4 4
6409.5 3394.1 61.0 357 0 18.3 43.3 12.5 2.5 2 1 5 5 5
6382.1 3297.5 59.5 85 0 8.3 36.9 7.5 2.5 2 1 3 4 4
6283.8 2953.1 56.2 229 0 18.5 11.8 14.0 2.5 4 0 4 1 1
6285.3 2908.2 57.6 54 0 18.6 9.0 7.0 2.5 2 0 2 1 1
6260.1 2891.6 58.8 42 0 22.7 6.7 7.0 2.5 2 0 2 0 0
6228.3 2858.4 54.6 45 0 39.2 7.7 7.5 2.5 2 0 3 2 2
6327.0 -1667.9 -374.5 194 0 22.3 17.6 3.5 0.0 0 0 1 3 3
6289.5 -1802.2 -375.0 29 0 26.0 9.9 10.5 3.5 2 0 3 2 2
6265.7 -1843.7 -376.2 110 0 7.1 6.1 10.5 0.0 0 0 3 5 5
6217.5 -1846.4 -371.8 115 0 18.4 14.4 14.0 3.5 2 0 4 4 4
6293.4 -1865.1 -375.8 295 0 4.6 12.7 10.5 3.5 2 0 3 0 0
6334.5 -1690.2 -374.8 284 0 12.9 4.7 10.5 3.5 2 0 3 0 0
6325.6 -1696.8 -374.8 193 0 4.6 13.6 10.5 3.5 2 0 3 5 5
6324.5 -1701.2 -374.8 194 0 4.6 13.6 10.5 3.5 2 0 3 3 3
6323.1 -1706.3 -375.1 195 0 4.4 15.1 10.5 3.5 2 0 3 3 3
6333.9 -1573.0 -362.4 359 0 4.7 13.1 10.5 3.5 4 1 3 2 2
6330.5 -1579.8 -362.3 6 0 4.4 10.0 10.5 0.0 0 1 3 2 2
6329.1 -1607.7 -365.2 8 0 3.6 14.9 10.5 3.5 2 0 3 1 1
6303.5 -1869.2 -375.7 295 0 4.7 12.5 10.5 3.5 2 0 3 2 2
6308.4 -1874.2 -375.3 292 0 4.6 9.6 10.5 3.5 2 0 3 2 2
6376.7 -1468.7 -362.9 21 0 3.7 11.9 10.5 3.5 2 0 3 4 4
6369.7 -1590.9 -374.9 195 0 6.3 9.6 10.5 3.5 2 1 3 5 5
6378.3 -1465.2 -362.9 26 0 4.0 12.0 10.5 3.5 2 0 3 0 0
6399.4 -1371.3 -370.8 357 0 5.1 6.6 10.5 3.5 2 1 3 2 2
6394.8 -1650.0 -377.1 106 0 4.3 9.3 10.5 3.5 2 1 3 1 1
6342.7 -1889.8 -374.9 300 0 4.4 12.9 10.5 3.5 2 0 3 2 2
6338.8 -1887.6 -375.0 300 0 4.5 12.9 10.5 3.5 2 0 3 4 4
6319.4 -1876.8 -375.4 299 0 4.1 12.7 10.5 3.5 2 0 3 3 3
6299.9 -1780.6 -374.4 310 0 4.1 7.1 10.5 3.5 2 1 3 4 4
-5723.2 12761.4 -387.4 210 0 28.3 7.3 5.0 2.5 4 0 2 1 1
-5739.3 12735.6 -386.8 180 0 14.6 15.2 7.5 0.0 0 1 3 3 3
-5684.0 12684.0 -389.8 258 0 5.3 17.1 7.5 2.5 2 0 3 0 0
-5666.3 12678.6 -390.0 258 0 5.3 17.1 7.5 2.5 2 0 3 1 1
-5634.2 12679.4 -389.1 258 0 5.3 17.1 5.0 2.5 2 0 2 1 1
-5603.3 12688.0 -387.9 258 0 5.3 17.1 5.0 2.5 2 0 2 5 5
-5588.7 12695.3 -387.2 258 0 5.3 17.1 5.0 2.5 2 0 2 2 2
6566.1 -2188.0 -373.1 357 0 30.1 7.6 2.5 2.5 2 0 1 1 1
6550.7 -2067.1 -371.6 343 0 8.8 7.4 10.5 3.5 2 0 3 5 5
6541.8 -2035.2 -373.9 298 0 4.9 14.0 10.5 3.5 2 0 3 0 0
6569.1 -2066.4 -378.0 159 0 7.3 9.9 10.5 3.5 2 1 3 0 0
6530.0 -2002.5 -375.2 332 0 5.9 7.5 10.5 3.5 2 0 3 5 5
6504.0 -1987.7 -375.9 299 0 3.5 10.1 10.5 3.5 2 0 3 0 0
6506.9 -1990.1 -375.8 300 0 3.9 9.4 10.5 3.5 2 0 3 1 1
6507.5 -1997.1 -375.5 291 0 3.8 8.4 10.5 3.5 2 0 3 4 4
6504.3 -1966.6 -376.8 32 0 15.1 4.5 10.5 3.5 2 0 3 1 1
6499.5 -1954.1 -377.3 34 0 5.7 7.0 10.5 3.5 2 1 3 2 2
6444.5 -1904.8 -379.7 56 0 4.4 11.8 10.5 3.5 2 1 3 0 0
6459.0 -1885.4 -380.0 137 0 3.5 9.8 10.5 3.5 2 0 3 2 2
6455.2 -1874.5 -380.4 136 0 6.7 5.6 10.5 3.5 2 0 3 5 5
6444.8 -1851.0 -381.6 123 0 12.2 9.8 10.5 0.0 0 0 3 0 0
6389.9 -1935.1 -373.7 293 0 5.9 9.4 10.5 3.5 2 1 3 2 2
6402.4 -1949.4 -373.5 302 0 5.6 9.4 10.5 0.0 0 1 3 3 3
6453.6 -2017.9 -366.6 100 0 4.0 10.9 10.5 3.5 2 1 3 3 3
6487.6 -1933.0 -378.2 141 0 9.1 13.6 10.5 3.5 2 1 3 0 0
6489.0 -1953.9 -377.2 301 0 3.7 9.6 10.5 3.5 2 0 3 2 2
6462.7 -1917.0 -378.7 302 0 4.4 7.9 10.5 3.5 2 0 3 1 1
6466.6 -1919.5 -378.6 305 0 4.9 8.0 10.5 3.5 2 0 3 5 5
6352.4 -1894.9 -374.7 295 0 4.1 13.3 10.5 3.5 2 0 3 4 4
6362.3 -1900.4 -374.4 298 0 4.4 13.2 10.5 3.5 2 0 3 1 1
6492.9 -1981.7 -376.2 295 0 5.3 8.5 10.5 3.5 2 0 3 1 1
6402.0 -1307.7 -372.2 344 0 6.8 14.1 10.5 3.5 2 0 3 4 4
6406.9 -1325.3 -372.7 61 0 14.7 15.9 14.0 3.5 2 0 4 4 4
6523.2 -1322.3 -376.8 325 0 5.3 8.5 10.5 3.5 2 1 3 2 2
6497.8 -1280.5 -377.5 353 0 5.6 9.2 10.5 3.5 2 0 3 4 4
6503.7 -1304.4 -376.7 66 0 14.6 7.7 10.5 3.5 2 0 3 3 3
6505.5 -1309.5 -376.4 235 0 8.4 15.7 10.5 3.5 2 0 3 4 4
6516.8 -1311.1 -376.6 326 0 15.7 4.2 10.5 3.5 2 0 3 5 5
6497.1 -1266.6 -378.4 7 0 5.9 18.9 10.5 3.5 2 0 3 1 1
6505.8 -1286.2 -378.3 87 0 9.1 4.5 10.5 3.5 2 0 3 5 5
6423.1 -1354.2 -374.0 72 0 4.1 13.1 10.5 3.5 2 0 3 5 5
6451.2 -1331.2 -374.9 255 0 5.3 13.9 10.5 3.5 2 0 3 5 5
6455.6 -1329.8 -375.0 251 0 4.4 13.7 10.5 3.5 2 0 3 0 0
6462.0 -1319.7 -374.6 69 0 4.5 14.7 10.5 3.5 2 0 3 3 3
6441.1 -1327.4 -374.0 69 0 4.2 14.7 10.5 3.5 2 0 3 4 4
6426.4 -1298.6 -373.8 162 0 4.4 15.3 10.5 3.5 2 0 3 5 5
6427.5 -1302.3 -373.7 163 0 4.0 17.4 10.5 3.5 2 0 3 4 4
6457.1 -1299.5 -374.3 342 0 7.9 8.5 10.5 3.5 2 1 3 0 0
6402.1 -1293.7 -372.8 160 0 5.2 13.7 10.5 3.5 2 0 3 2 2
6401.9 -1236.2 -374.3 149 0 3.7 10.9 10.5 3.5 2 0 3 1 1
6419.2 -1241.5 -376.2 269 0 7.9 7.2 10.5 3.5 2 0 3 0 0
6414.7 -1264.7 -375.3 162 0 4.8 14.2 10.5 3.5 2 0 3 2 2
6416.2 -1269.2 -375.1 160 0 4.6 13.8 10.5 3.5 2 0 3 1 1
6417.9 -1274.6 -374.5 161 0 4.4 9.5 10.5 3.5 2 0 3 5 5
6419.3 -1278.6 -374.7 160 0 4.2 14.3 10.5 3.5 2 0 3 4 4
6420.7 -1282.4 -374.7 160 0 3.8 17.3 10.5 3.5 2 0 3 2 2
6423.5 -1290.3 -373.9 161 0 4.2 11.3 10.5 3.5 2 0 3 0 0
6407.2 -1267.9 -373.8 340 0 3.6 13.4 10.5 3.5 2 0 3 3 3
6408.4 -1271.1 -373.6 339 0 3.4 13.5 10.5 3.5 2 0 3 5 5
6409.8 -1275.0 -373.5 339 0 4.7 13.6 10.5 3.5 2 0 3 0 0
6411.5 -1279.5 -373.3 339 0 4.7 13.6 10.5 3.5 2 0 3 0 0
6395.2 -1247.2 -372.8 331 0 4.7 13.8 10.5 3.5 2 1 3 3 3
6406.2 -1264.5 -373.9 337 0 3.5 13.5 10.5 3.5 2 0 3 5 5
6394.2 -1226.4 -376.8 138 0 4.7 13.9 10.5 3.5 2 0 3 2 2
6397.3 -1229.5 -375.7 135 0 4.4 14.0 10.5 3.5 2 0 3 5 5
6355.1 -1219.2 -379.1 131 0 3.7 12.7 10.5 3.5 2 1 3 5 5
6358.8 -1222.5 -377.0 128 0 4.2 7.8 10.5 3.5 2 0 3 2 2
6379.9 -1220.1 -375.8 318 0 4.3 10.5 10.5 3.5 2 1 3 0 0
6370.3 -1235.9 -373.3 147 0 7.4 12.1 10.5 3.5 2 1 3 0 0
6376.1 -1244.6 -370.8 146 0 3.8 14.6 10.5 3.5 2 0 3 2 2
6400.5 -1299.3 -371.9 342 0 4.0 12.7 10.5 3.5 2 1 3 5 5
6391.1 -1272.1 -372.7 338 0 4.2 14.8 10.5 3.5 2 1 3 3 3
6387.5 -1267.3 -372.6 341 0 6.2 13.2 10.5 3.5 2 0 3 1 1
6401.3 -1352.8 -373.0 342 0 4.2 10.6 10.5 0.0 0 1 3 3 3
6408.7 -1337.3 -373.1 344 0 4.9 10.4 10.5 3.5 2 0 3 4 4
6406.0 -1328.5 -372.8 342 0 4.8 10.4 10.5 3.5 2 0 3 5 5
6502.6 -1267.4 -379.5 182 0 4.7 19.9 10.5 3.5 2 0 3 0 0
6508.4 -1243.3 -380.0 196 0 3.5 17.8 10.5 3.5 2 0 3 2 2
6505.5 -1230.3 -380.3 17 0 4.0 25.2 10.5 3.5 2 0 3 3 3
6502.3 -1242.3 -380.1 12 0 4.2 22.7 10.5 3.5 2 0 3 4 4
6499.9 -1253.9 -379.3 10 0 3.9 20.2 10.5 3.5 2 0 3 4 4
6510.2 -1210.1 -379.9 13 0 4.3 21.1 10.5 3.5 2 0 3 0 0
6509.9 -1214.5 -379.9 15 0 4.8 19.9 10.5 3.5 2 0 3 1 1
6516.2 -1182.8 -380.1 12 0 3.4 19.8 10.5 3.5 2 0 3 1 1
6516.8 -1190.2 -379.6 10 0 3.4 13.1 10.5 3.5 2 0 3 4 4
6560.7 -1356.6 -379.3 151 0 8.2 15.3 10.5 3.5 2 0 3 3 3
6565.7 -1365.5 -379.4 151 0 4.1 15.2 10.5 3.5 2 0 3 4 4
6613.4 -1223.1 -377.3 8 0 12.9 10.3 14.0 3.5 2 0 4 5 5
6586.7 -1296.0 -379.0 280 0 9.8 6.1 10.5 3.5 2 0 3 0 0
4327.2 11735.5 -330.3 137 0 6.2 14.4 7.5 2.5 2 1 3 0 0
4284.9 11685.1 -333.9 0 0 5.2 20.0 7.5 2.5 2 1 3 1 1
1666.7 10911.4 -372.4 38 0 10.7 20.4 2.5 0.0 0 1 1 4 4
6880.8 1711.3 -74.9 235 0 11.1 11.4 5.0 2.5 2 1 2 2 2
3335.7 6914.6 -343.7 214 0 21.7 34.0 10.5 0.0 0 1 3 2 2
2212.4 5919.7 -376.2 64 0 51.4 48.2 7.5 0.0 0 0 3 3 3
4932.4 11952.2 -381.9 314 0 8.6 9.2 7.5 2.5 2 0 3 3 3
4928.4 11936.3 -381.1 314 0 5.7 10.9 7.5 2.5 2 0 3 5 5
4940.7 11927.0 -380.7 315 0 6.6 12.3 7.5 2.5 2 1 3 1 1
4945.9 11921.4 -380.4 312 0 5.8 11.6 7.5 2.5 2 1 3 0 0
4952.0 11931.1 -381.0 224 0 11.3 5.4 7.5 2.5 2 0 3 2 2
5028.6 11952.0 -382.0 313 0 8.9 6.9 7.5 2.5 2 0 3 5 5
4984.5 11967.7 -382.6 311 0 4.3 8.8 5.0 2.5 2 0 2 2 2
4978.9 11857.9 -377.7 150 0 6.0 8.6 5.0 2.5 2 1 2 2 2
4979.6 11957.9 -382.1 310 0 4.9 9.0 5.0 2.5 2 1 2 5 5
4963.9 11952.4 -381.9 220 0 7.7 10.7 5.0 0.0 0 1 2 2 2
4958.1 11941.9 -381.4 223 0 4.9 7.7 5.0 2.5 2 1 2 1 1
4922.9 11922.1 -380.4 314 0 5.1 10.7 5.0 2.5 2 1 2 4 4
4916.3 11977.4 -383.2 135 0 4.8 7.1 7.5 2.5 4 1 3 2 2
2306.2 8059.1 -361.3 156 0 38.1 47.9 7.5 0.0 0 1 3 0 0
2160.5 8154.7 -377.6 122 0 33.6 26.7 12.5 0.0 0 0 5 5 5
2610.3 7696.0 -360.4 36 0 20.2 27.2 12.5 0.0 0 1 5 2 2
3578.0 6656.5 -369.3 50 0 27.3 12.0 10.5 3.5 2 0 3 3 3
3679.4 6916.5 -359.8 59 0 16.2 7.9 2.5 2.5 2 0 1 0 0
6814.8 -557.2 -377.6 359 0 7.5 8.6 10.5 3.5 2 1 3 4 4
6778.1 -554.4 -374.6 86 0 6.1 10.4 10.5 3.5 2 0 3 2 2
4591.1 5692.3 -365.0 287 0 6.5 9.8 5.0 2.5 2 1 2 1 1
4446.8 5687.6 -370.7 282 0 6.9 7.6 5.0 2.5 2 1 2 1 1
4405.4 5663.0 -371.8 246 0 8.8 12.1 7.5 2.5 2 1 3 2 2
4424.7 5676.2 -371.6 329 0 10.4 8.9 2.5 2.5 2 0 1 3 3
3936.3 5408.7 -367.1 270 0 6.5 8.0 7.5 2.5 2 1 3 5 5
3938.3 5383.2 -363.8 252 0 5.8 10.4 5.0 2.5 2 1 2 1 1
4047.5 5442.2 -363.1 67 0 6.5 8.5 5.0 2.5 2 1 2 0 0
4041.2 5411.6 -361.0 317 0 6.1 7.8 7.5 0.0 0 1 3 5 5
4032.2 5404.1 -361.0 319 0 8.6 8.0 2.5 2.5 4 0 1 3 3
4014.7 5381.1 -360.1 50 0 7.1 9.2 5.0 2.5 4 1 2 4 4
4098.6 5456.6 -360.2 234 0 5.1 9.0 7.5 2.5 2 1 3 5 5
4092.2 5441.2 -360.5 56 0 7.3 9.8 7.5 2.5 2 1 3 4 4
4075.5 5439.3 -360.5 235 0 7.4 8.3 7.5 2.5 2 1 3 5 5
4067.3 5434.4 -360.7 234 0 7.5 8.5 7.5 2.5 2 1 3 5 5
4066.7 5439.6 -361.7 54 0 8.3 7.5 7.5 2.5 2 0 3 1 1
4072.2 5475.2 -363.5 330 0 8.5 7.5 7.5 2.5 2 0 3 3 3
4034.6 5423.8 -361.9 233 0 7.3 6.4 7.5 0.0 0 0 3 1 1
4009.8 5399.9 -362.1 138 0 8.5 7.7 5.0 2.5 2 0 2 4 4
4030.7 5411.5 -362.1 49 0 6.8 8.6 7.5 2.5 2 1 3 1 1
4012.2 5420.3 -363.1 230 0 7.3 8.0 7.5 2.5 4 1 3 3 3
4009.9 5423.4 -364.2 49 0 7.7 9.6 7.5 0.0 0 1 3 2 2
4021.6 5434.4 -364.1 47 0 8.2 8.0 5.0 2.5 2 0 2 4 4
4000.1 5434.9 -365.5 49 0 7.6 8.3 7.5 2.5 2 1 3 2 2
3995.0 5427.4 -365.5 49 0 5.9 10.5 5.0 0.0 0 1 2 3 3
3975.0 5388.1 -362.4 318 0 6.1 10.7 7.5 2.5 2 1 3 4 4
3975.8 5439.0 -366.5 236 0 9.6 6.3 7.5 0.0 0 0 3 1 1
3971.0 5436.8 -367.0 319 0 7.7 7.1 7.5 2.5 4 0 3 1 1
4014.8 5447.4 -365.4 50 0 7.6 8.5 7.5 2.5 2 1 3 5 5
4336.9 5761.7 -375.6 2 0 7.9 9.3 2.5 2.5 2 1 1 1 1
4268.6 5718.4 -376.3 172 0 10.1 9.4 5.0 0.0 0 0 2 4 4
4304.4 5742.0 -375.9 101 0 8.6 7.6 2.5 2.5 2 0 1 4 4
4338.9 5738.7 -375.0 181 0 11.1 9.5 5.0 2.5 2 0 2 5 5
4339.2 5749.3 -375.1 182 0 7.2 9.3 7.5 2.5 2 1 3 1 1
4335.6 5752.9 -375.5 2 0 7.4 8.5 7.5 2.5 2 1 3 1 1
4339.8 5763.4 -375.3 182 0 4.9 13.1 5.0 2.5 2 1 2 2 2
4255.2 5736.6 -376.8 261 0 6.0 11.8 5.0 2.5 2 1 2 5 5
4280.2 5696.0 -376.0 2 0 4.1 9.0 7.5 2.5 4 1 3 5 5
3556.6 6467.1 -374.8 333 0 22.6 8.4 10.5 3.5 4 0 3 4 4
6390.1 -979.5 -381.7 37 0 6.3 15.2 10.5 3.5 2 1 3 1 1
6398.7 -968.9 -381.6 37 0 14.2 13.3 10.5 3.5 2 0 3 3 3
6324.8 -1246.1 -369.5 122 0 6.1 6.1 10.5 3.5 2 1 3 1 1
6519.4 -1018.5 -379.8 133 0 12.4 10.3 14.0 3.5 2 0 4 5 5
6551.9 -1015.3 -379.7 42 0 12.9 27.7 14.0 3.5 2 1 4 4 4
6007.5 -1836.4 -364.3 277 0 4.8 7.6 7.5 2.5 2 1 3 1 1
6527.3 -546.7 -373.0 86 0 16.4 3.8 10.5 3.5 2 0 3 2 2
6502.6 -539.2 -372.6 174 0 4.4 16.8 10.5 3.5 2 1 3 0 0
6898.2 -838.4 -371.9 89 0 6.3 8.3 10.5 3.5 2 1 3 4 4
6561.8 -880.7 -376.8 188 0 8.1 4.4 2.5 2.5 2 0 1 4 4
6632.9 -546.4 -372.5 101 0 5.9 6.4 10.5 3.5 2 1 3 5 5
6219.4 -1251.6 -368.3 252 0 6.3 6.3 10.5 3.5 2 1 3 0 0
6164.7 -1841.9 -368.3 266 0 7.4 38.1 10.5 3.5 2 1 3 1 1
6168.7 -1890.8 -370.7 88 0 17.9 9.9 10.5 3.5 2 0 3 2 2
6773.5 1323.8 -131.8 44 0 7.1 15.0 2.5 2.5 2 0 1 1 1
6767.8 1318.1 -131.6 44 0 8.9 15.0 7.5 2.5 2 0 3 5 5
6835.7 1092.0 -151.2 210 0 4.3 7.2 5.0 2.5 2 0 2 0 0
6849.0 1082.5 -154.3 31 0 7.5 6.3 2.5 2.5 2 0 1 2 2
6877.5 1080.7 -168.1 130 0 8.6 8.6 2.5 2.5 2 0 1 3 3
6762.6 1069.8 -125.2 36 0 9.8 18.2 7.5 2.5 2 1 3 3 3
6895.5 1120.2 -173.4 36 0 13.1 8.5 5.0 2.5 2 0 2 2 2
6877.4 1127.7 -169.3 127 0 4.3 11.2 5.0 2.5 2 1 2 3 3
6868.1 1138.3 -165.4 135 0 13.8 8.5 7.5 2.5 2 0 3 5 5
6771.4 1171.1 -135.3 260 0 3.9 8.8 5.0 2.5 2 0 2 5 5
6782.0 1166.7 -137.6 349 0 12.5 7.7 5.0 2.5 2 0 2 5 5
6710.6 1136.8 -115.3 52 0 10.1 9.0 2.5 2.5 2 0 1 2 2
6920.8 1233.1 -177.9 267 0 3.3 9.1 2.5 2.5 2 1 1 1 1
6905.7 1251.8 -169.5 28 0 3.2 12.3 7.5 2.5 2 0 3 1 1
6906.6 1259.7 -168.3 26 0 8.4 10.2 5.0 0.0 0 1 2 0 0
6894.4 1625.3 -91.4 73 0 8.2 8.3 7.5 2.5 2 1 3 1 1
6829.4 1358.9 -136.5 45 0 17.4 12.5 5.0 2.5 2 0 2 1 1
6747.4 1266.8 -135.8 216 0 6.2 13.7 2.5 2.5 2 0 1 0 0
6742.9 1260.4 -135.9 215 0 9.3 20.0 7.5 2.5 2 0 3 4 4
6758.4 1308.5 -131.3 44 0 17.9 18.4 7.5 2.5 2 0 3 4 4
3971.2 6920.1 -353.5 124 0 5.5 7.2 5.0 2.5 2 1 2 2 2
3719.8 6595.9 -366.6 170 0 10.6 6.2 5.0 2.5 4 0 2 4 4
3712.5 6732.1 -358.1 177 0 6.2 10.5 5.0 2.5 2 1 2 4 4
3738.6 6776.6 -364.9 49 0 10.0 23.8 5.0 2.5 2 1 2 4 4
3864.1 6287.2 -355.8 60 0 7.0 30.9 7.5 2.5 2 1 3 1 1
6515.8 11465.6 -306.2 52 0 5.2 6.3 5.0 2.5 2 1 2 4 4
6526.6 11433.8 -313.2 313 0 10.7 6.0 7.5 2.5 4 0 3 1 1
6206.2 3136.3 56.7 235 0 9.2 10.3 7.5 2.5 2 1 3 1 1
6145.5 2861.5 56.3 83 0 4.8 8.7 5.0 2.5 2 1 2 5 5
6094.6 3171.4 63.1 41 0 16.4 11.9 2.5 2.5 2 0 1 0 0
6004.6 3103.7 59.6 130 0 14.0 18.2 10.0 2.5 2 1 4 2 2
6288.1 2829.8 55.3 317 0 6.3 7.9 2.5 2.5 2 1 1 0 0
6634.6 3826.6 74.6 37 0 5.5 5.5 7.5 2.5 2 0 3 5 5
6426.1 3227.0 62.9 321 0 5.5 9.2 7.5 2.5 2 1 3 3 3
6244.2 3406.1 66.7 253 0 3.9 9.7 2.5 2.5 2 1 1 1 1
4679.4 12758.3 -389.7 298 0 16.9 6.2 10.5 3.5 2 0 3 4 4
2848.3 10721.2 -333.2 182 0 8.1 10.7 2.5 2.5 2 0 1 4 4
2848.1 10715.3 -331.3 182 0 3.8 10.7 5.0 2.5 2 0 2 3 3
2848.0 10711.4 -330.4 182 0 3.9 10.7 7.5 2.5 2 0 3 5 5
2360.9 10505.7 -360.1 50 0 4.4 9.5 2.5 2.5 2 0 1 5 5
4949.5 12029.6 -385.5 311 0 7.4 7.4 7.5 2.5 2 0 3 2 2
4683.2 5703.9 -360.5 107 0 6.2 10.3 7.5 2.5 2 1 3 1 1
3949.8 6097.0 -371.4 311 0 4.1 7.5 5.0 2.5 2 1 2 3 3
3383.8 6327.7 -374.2 94 0 6.3 6.3 10.5 3.5 2 0 3 3 3
4283.9 5735.4 -376.2 260 0 5.9 6.1 5.0 2.5 2 1 2 3 3
4305.2 5733.2 -375.6 203 0 3.6 10.2 7.5 2.5 2 1 3 1 1
4615.5 5576.5 -360.7 190 0 6.4 10.0 5.0 2.5 2 1 2 1 1
4275.3 5358.2 -357.0 281 0 7.5 8.6 5.0 2.5 2 1 2 1 1
3957.1 6554.8 -304.6 29 0 5.6 6.5 5.0 2.5 2 1 2 1 1
3899.2 6167.7 -362.0 328 0 6.6 10.7 7.5 2.5 2 1 3 0 0
3756.7 6240.0 -374.9 170 0 10.7 6.6 7.5 2.5 2 0 3 3 3
3762.3 6338.2 -370.0 250 0 5.4 7.5 2.5 2.5 4 1 1 0 0
5986.8 4987.4 -66.2 107 0 8.4 10.2 7.5 2.5 2 1 3 2 2
6114.8 5302.1 -88.1 201 0 11.9 9.7 5.0 0.0 0 0 2 3 3
6037.8 5371.5 -117.6 190 0 18.2 14.1 7.5 2.5 2 0 3 1 1
2226.0 5895.7 -376.1 67 0 17.4 26.8 12.5 0.0 0 1 5 5 5
2946.9 2765.8 -364.7 103 0 7.9 9.8 2.5 2.5 2 1 1 5 5
3020.1 2836.2 -356.7 342 0 22.5 9.9 5.0 2.5 4 0 2 1 1
3053.0 2859.3 -351.7 164 0 8.4 8.0 5.0 2.5 2 0 2 1 1
3121.2 7041.8 -354.7 118 0 29.1 19.8 14.0 3.5 2 0 4 0 0
2913.3 7184.6 -347.3 146 0 29.0 22.8 14.0 0.0 0 0 4 1 1
2814.6 7291.8 -350.8 159 0 29.0 17.1 14.0 3.5 2 0 4 3 3
220.8 12781.7 -373.8 31 0 14.1 22.0 12.5 2.5 2 1 5 4 4
1043.9 6512.0 -376.4 163 0 17.9 28.0 5.0 2.5 2 0 2 3 3
