-2750.9 12772.5 -137.3 269 0 32.6 74.0 10.5 0.0 0 0 3 5 5
-5272.1 3399.3 -139.3 23 0 48.9 44.3 17.5 0.0 0 0 5 3 3
-5604.4 4456.4 -154.4 2 0 25.3 23.5 17.5 0.0 0 0 5 2 2
-5585.0 4408.1 -153.2 181 0 49.2 15.7 17.5 3.5 2 0 5 3 3
-5584.3 4477.2 -154.6 181 0 61.8 15.7 17.5 3.5 2 0 5 3 3
-5542.9 4605.0 -152.1 220 0 62.7 12.2 17.5 3.5 2 0 5 0 0
-5501.9 4659.1 -152.3 213 0 47.0 12.4 17.5 3.5 4 0 5 4 4
-5752.9 3687.4 -153.9 295 0 69.7 14.4 17.5 3.5 2 0 5 5 5
3794.7 9908.2 -139.7 50 0 39.3 36.1 7.0 0.0 0 0 2 2 2
5238.6 10834.1 -149.8 75 0 51.2 26.0 14.0 0.0 0 0 4 2 2
1897.0 11249.8 -151.4 209 0 26.1 34.5 21.0 0.0 0 1 6 5 5
-2513.2 10712.1 -158.4 114 0 21.4 16.2 17.5 3.5 4 0 5 1 1
-1546.2 12001.7 -149.6 14 0 14.1 15.6 3.5 0.0 0 1 1 5 5
-859.3 12492.1 -158.8 195 0 54.9 17.6 17.5 3.5 4 0 5 4 4
2466.7 10334.0 -147.8 263 0 7.6 8.6 10.5 3.5 2 1 3 3 3
3108.8 9470.7 -139.1 275 0 64.6 56.4 7.0 0.0 0 0 2 0 0
-2867.1 12866.5 -147.9 89 0 35.2 19.4 10.5 0.0 0 0 3 1 1
-2994.7 12872.7 -106.7 200 0 19.4 35.3 10.5 0.0 0 1 3 2 2
-2929.1 12772.7 -121.1 288 0 12.4 27.4 10.5 3.5 2 0 3 4 4
-2937.9 12709.1 -129.0 108 0 33.4 19.4 10.5 0.0 0 0 3 0 0
-2852.6 12822.2 -152.2 17 0 19.4 35.2 10.5 0.0 0 1 3 5 5
-2941.0 12776.6 -114.1 288 0 12.7 68.5 24.5 3.5 2 0 7 2 2
-2891.5 12861.0 -137.5 89 0 12.6 68.5 24.5 3.5 2 1 7 3 3
-2951.4 12871.7 -109.2 290 0 14.4 66.9 24.5 3.5 2 1 7 5 5
-2894.4 12525.0 -147.4 100 0 45.4 33.2 24.5 0.0 0 0 7 1 1
-2417.2 12691.0 -153.8 332 0 31.5 19.3 10.5 0.0 0 0 3 4 4
-2485.5 12777.2 -121.1 62 0 19.3 31.9 7.5 0.0 0 1 3 1 1
-2477.8 12670.7 -156.1 152 0 10.2 27.3 10.5 3.5 2 0 3 3 3
-2456.3 12702.7 -155.6 242 0 68.2 12.7 24.5 3.5 2 0 7 5 5
-2511.7 12377.0 -154.7 179 0 19.6 32.9 10.5 0.0 0 1 3 3 3
-2506.5 12325.4 -140.2 90 0 10.0 25.9 17.5 3.5 2 0 5 2 2
-2517.3 12390.0 -154.5 269 0 10.3 64.7 24.5 3.5 2 0 7 1 1
-2237.8 12543.6 -144.9 241 0 10.5 68.9 28.0 3.5 2 0 8 1 1
-2214.3 12477.9 -145.4 61 0 11.3 27.0 10.5 3.5 2 0 3 1 1
-2051.6 12506.8 -143.8 332 0 19.7 31.9 7.0 0.0 0 1 2 5 5
-2235.6 12605.5 -137.4 153 0 18.8 32.1 3.5 0.0 0 1 1 1 1
-2252.8 12528.3 -134.1 241 0 29.9 19.6 7.0 3.5 2 0 2 5 5
-2320.6 12755.7 -141.2 287 0 68.5 11.3 14.0 3.5 2 0 4 5 5
-2305.2 12739.0 -145.4 287 0 21.2 14.5 14.0 3.5 2 0 4 0 0
-2348.8 12721.8 -147.8 106 0 16.3 29.3 14.0 3.5 4 1 4 2 2
5716.5 10901.1 -131.8 258 0 16.6 27.1 12.5 0.0 0 1 5 5 5
5758.9 10847.9 -129.9 345 0 14.5 29.1 10.0 0.0 0 1 4 4 4
5699.1 10822.4 -137.9 75 0 16.5 27.2 10.0 0.0 0 1 4 0 0
5598.8 10869.8 -146.6 346 0 12.0 28.6 10.0 2.5 2 1 4 5 5
-1767.9 12783.5 -147.2 333 0 8.4 6.0 3.5 3.5 2 0 1 1 1
-1806.7 12715.6 -148.3 62 0 18.8 31.2 7.0 3.5 4 1 2 3 3
-1839.4 12740.8 -146.6 153 0 13.0 71.5 28.0 3.5 2 1 8 3 3
2676.1 11142.2 -131.3 94 0 26.5 10.7 14.0 3.5 2 0 4 5 5
2680.1 11205.2 -132.1 275 0 26.9 11.0 14.0 3.5 2 0 4 1 1
2792.1 11068.5 -140.1 91 0 29.3 18.8 17.5 3.5 2 0 5 0 0
2807.2 11104.3 -138.3 1 0 18.3 28.8 17.5 3.5 2 1 5 0 0
2683.4 10326.6 -156.5 205 0 8.4 6.8 7.5 2.5 2 0 3 2 2
2477.2 10335.4 -148.3 262 0 7.8 8.6 10.5 3.5 2 1 3 3 3
2700.2 10332.1 -155.8 296 0 6.6 8.7 5.0 0.0 0 1 2 1 1
2671.1 10317.4 -156.8 204 0 6.2 8.0 2.5 2.5 4 1 1 0 0
2700.4 10344.8 -155.3 203 0 6.6 4.6 5.0 2.5 2 0 2 0 0
3264.7 9114.2 -115.9 305 0 9.5 5.7 10.5 3.5 2 0 3 4 4
3588.2 8802.3 -112.8 205 0 19.7 31.3 14.0 0.0 0 1 4 5 5
3713.1 8866.4 -111.9 34 0 14.1 36.1 10.5 3.5 2 1 3 2 2
3507.7 9419.5 -137.3 90 0 11.2 6.5 10.5 3.5 2 0 3 4 4
3433.4 9675.6 -146.4 72 0 25.6 15.4 17.5 0.0 0 0 5 3 3
3521.9 9813.2 -145.1 38 0 8.2 8.5 10.5 3.5 2 1 3 1 1
3346.1 9589.1 -137.9 37 0 63.8 65.1 14.0 0.0 0 1 4 5 5
-4359.9 1126.0 -153.7 296 0 83.7 50.2 14.0 0.0 0 0 4 5 5
-4393.8 1509.0 -144.1 296 0 36.7 78.6 14.0 0.0 0 0 4 3 3
-4461.7 1371.3 -146.4 116 0 36.9 74.9 14.0 0.0 0 0 4 1 1
-4486.8 1524.1 -138.7 26 0 49.8 85.0 14.0 0.0 0 1 4 0 0
-4476.7 1505.6 -141.9 206 0 79.0 37.0 14.0 0.0 0 0 4 0 0
-4156.0 1319.3 -149.9 30 0 46.4 118.5 14.0 0.0 0 0 4 1 1
-4593.6 1602.0 -134.4 296 0 52.1 48.3 14.0 0.0 0 0 4 3 3
-4525.4 1450.7 -141.6 26 0 74.6 36.4 14.0 0.0 0 0 4 3 3
-4268.6 1335.0 -154.0 211 0 40.9 85.1 14.0 0.0 0 0 4 2 2
-4510.4 1393.8 -144.2 116 0 36.9 75.7 14.0 0.0 0 0 4 5 5
-4643.7 1318.4 -146.3 207 0 35.5 17.4 14.0 3.5 2 0 4 4 4
-4561.6 1222.6 -152.9 295 0 73.6 38.0 14.0 0.0 0 0 4 1 1
-4532.2 1001.1 -153.0 296 0 95.2 47.0 14.0 0.0 0 0 4 5 5
-4580.1 299.6 -151.0 296 0 120.0 62.4 14.0 0.0 0 0 4 5 5
-4554.7 1300.9 -149.4 205 0 74.1 36.2 14.0 0.0 0 0 4 3 3
-4638.9 1345.1 -144.4 206 0 16.5 13.1 14.0 3.5 2 0 4 5 5
-4219.6 1576.3 -135.3 300 0 128.0 54.7 10.0 0.0 0 0 4 5 5
-4438.6 73.6 -142.9 116 0 11.8 59.4 14.0 3.5 2 0 4 5 5
-4574.5 1310.5 -147.0 25 0 73.8 37.4 14.0 0.0 0 0 4 0 0
-4735.8 1044.9 -151.0 116 0 72.8 37.4 14.0 0.0 0 0 4 3 3
-4617.7 1383.2 -143.5 205 0 70.6 21.7 14.0 3.5 2 0 4 5 5
-4441.3 957.0 -152.4 296 0 84.1 50.1 14.0 0.0 0 0 4 3 3
-4748.6 742.5 -153.6 26 0 63.0 41.4 10.5 0.0 0 0 3 2 2
-4676.5 1477.2 -139.4 206 0 15.3 60.5 14.0 3.5 2 1 4 5 5
-4787.6 1489.0 -143.1 206 0 52.0 24.0 14.0 3.5 2 0 4 5 5
-4115.7 1381.9 -131.6 121 0 26.5 44.2 12.5 0.0 0 1 5 3 3
-4834.2 920.5 -141.3 205 0 82.5 58.6 14.0 0.0 0 0 4 2 2
-4753.5 818.2 -144.5 115 0 72.1 96.6 14.0 0.0 0 1 4 0 0
-4098.2 1489.5 -135.1 334 0 59.1 117.0 7.5 0.0 0 1 3 0 0
-4661.2 1010.1 -152.0 116 0 72.7 36.9 14.0 0.0 0 0 4 0 0
-4313.5 1214.3 -154.4 116 0 72.3 37.3 10.5 0.0 0 0 3 0 0
-4709.0 1630.6 -137.6 296 0 23.7 86.3 14.0 0.0 0 1 4 0 0
-4428.3 238.3 -146.3 295 0 129.0 82.9 14.0 0.0 0 0 4 3 3
-4539.0 156.4 -143.9 206 0 59.5 120.6 14.0 0.0 0 0 4 5 5
-4683.5 977.2 -132.7 296 0 58.9 60.6 14.0 0.0 0 1 4 5 5
-4453.0 1170.5 -154.0 296 0 95.0 51.3 14.0 0.0 0 0 4 4 4
-4158.7 1579.2 -126.3 120 0 58.4 63.8 10.5 0.0 0 1 3 1 1
-4671.0 1611.5 -137.4 295 0 25.1 86.4 14.0 0.0 0 1 4 0 0
-4777.4 683.5 -153.7 26 0 68.2 41.2 10.5 0.0 0 0 3 4 4
4034.0 9664.1 -128.7 274 0 5.1 26.4 10.5 3.5 2 1 3 4 4
4007.2 9616.0 -133.9 185 0 43.3 29.1 14.0 0.0 0 0 4 4 4
3964.8 9474.3 -141.8 185 0 30.1 7.1 10.5 3.5 2 0 3 3 3
3936.9 9519.4 -141.1 276 0 8.2 4.2 10.5 3.5 2 0 3 2 2
3715.7 10248.4 -140.9 287 0 116.1 5.8 10.5 3.5 2 0 3 5 5
3588.6 10236.0 -153.0 154 0 29.1 12.2 14.0 3.5 2 0 4 5 5
3633.8 10152.0 -151.4 199 0 11.3 77.2 17.5 3.5 2 1 5 0 0
3807.4 10149.4 -141.3 85 0 15.9 21.7 17.5 3.5 2 1 5 4 4
3786.5 10088.9 -154.3 86 0 63.7 41.0 17.5 0.0 0 0 5 1 1
3638.6 10264.8 -150.5 334 0 12.5 33.8 14.0 3.5 2 1 4 3 3
3959.0 9993.5 -142.5 234 0 7.2 17.4 3.5 0.0 0 1 1 3 3
4157.3 10163.5 -130.6 351 0 53.9 10.7 14.0 3.5 2 0 4 5 5
4017.3 10122.2 -135.8 169 0 13.4 6.1 10.5 3.5 2 0 3 5 5
4314.5 9880.4 -131.6 18 0 10.8 4.2 10.5 3.5 2 0 3 3 3
4146.8 10084.9 -114.3 244 0 13.0 23.2 7.5 0.0 0 1 3 2 2
4253.0 9826.8 -108.1 66 0 37.2 22.1 10.5 0.0 0 0 3 4 4
4219.4 10075.6 -129.0 334 0 12.8 23.8 10.0 0.0 0 1 4 1 1
4203.5 10003.2 -117.4 333 0 15.6 28.9 14.0 0.0 0 1 4 0 0
4081.5 9847.0 -117.4 79 0 19.6 21.6 12.5 0.0 0 1 5 2 2
4097.3 9973.3 -109.2 353 0 12.9 25.2 15.0 0.0 0 1 6 0 0
4062.5 9933.4 -110.4 82 0 14.2 23.9 10.0 0.0 0 1 4 5 5
4058.7 10078.0 -126.3 269 0 13.6 26.8 12.5 0.0 0 1 5 4 4
4242.9 9805.7 -94.9 278 0 6.4 6.9 10.5 3.5 2 1 3 1 1
4102.1 9897.1 -104.0 267 0 21.4 21.8 10.0 0.0 0 1 4 3 3
4262.2 9813.9 -102.5 8 0 7.8 7.3 10.5 3.5 2 0 3 5 5
4107.8 10015.6 -113.1 309 0 17.5 26.1 12.5 0.0 0 1 5 0 0
4329.4 9756.7 -140.2 105 0 46.0 83.0 31.5 0.0 0 1 9 3 3
4364.4 10011.9 -144.3 2 0 32.5 14.3 10.5 0.0 0 0 3 4 4
4383.0 9911.0 -136.4 284 0 26.5 44.6 42.0 0.0 0 1 12 4 4
-3588.2 1846.3 -147.2 79 0 16.8 34.1 14.0 3.5 2 0 4 4 4
-3680.3 1799.9 -144.7 349 0 76.3 26.1 14.0 0.0 0 0 4 3 3
-3521.3 1584.6 -154.8 168 0 25.5 48.6 14.0 0.0 0 1 4 0 0
-3549.2 1677.5 -154.4 169 0 146.4 60.8 14.0 0.0 0 0 4 4 4
-3667.1 1745.8 -144.7 348 0 26.4 9.1 10.5 3.5 2 0 3 4 4
-3548.9 1591.0 -155.3 258 0 36.4 24.3 14.0 0.0 0 0 4 4 4
-3561.7 1682.6 -154.5 349 0 162.3 65.7 14.0 0.0 0 0 4 5 5
-3681.1 1723.1 -146.2 78 0 18.8 32.4 14.0 0.0 0 0 4 5 5
-3615.4 1979.2 -152.0 79 0 95.3 52.4 14.0 0.0 0 0 4 0 0
-3782.4 1700.0 -145.9 170 0 18.5 14.8 14.0 3.5 2 0 4 1 1
-3635.7 1599.2 -152.5 349 0 40.1 12.7 14.0 3.5 2 0 4 5 5
-3604.1 1518.2 -156.1 349 0 12.3 69.2 14.0 3.5 2 0 4 0 0
-3576.1 1517.4 -156.9 259 0 70.9 109.6 14.0 0.0 0 0 4 1 1
-3775.8 1667.1 -145.1 169 0 26.5 9.1 10.5 3.5 2 0 3 4 4
-3848.1 1795.0 -142.9 170 0 22.0 31.1 14.0 0.0 0 1 4 5 5
-3788.3 1721.9 -145.5 169 0 11.7 7.5 10.5 3.5 2 0 3 1 1
-3502.1 1420.3 -157.5 79 0 37.2 109.6 14.0 0.0 0 0 4 0 0
-3724.7 1426.6 -150.2 169 0 121.6 54.7 14.0 0.0 0 0 4 4 4
4707.1 10295.3 -145.1 103 0 9.8 24.1 10.5 3.5 2 0 3 3 3
4077.0 9704.3 -113.0 175 0 21.7 42.2 35.0 0.0 0 1 14 2 2
4444.7 9478.9 -131.8 274 0 9.7 5.4 10.5 3.5 2 0 3 0 0
4120.1 9621.4 -122.6 9 0 75.3 42.0 14.0 0.0 0 0 4 0 0
4394.9 9477.2 -134.0 271 0 14.6 25.4 14.0 3.5 2 1 4 1 1
4073.9 9731.8 -112.8 172 0 23.1 42.9 35.0 0.0 0 1 14 4 4
4103.7 9664.9 -113.3 82 0 44.5 21.9 35.0 2.5 2 0 14 1 1
4286.5 9363.2 -114.1 102 0 15.0 15.3 10.5 3.5 2 1 3 5 5
4488.2 9420.9 -129.5 182 0 16.9 16.8 14.0 3.5 2 0 4 1 1
4562.9 9352.7 -134.1 270 0 10.0 52.2 10.5 0.0 0 1 3 0 0
4656.0 9023.5 -112.3 30 0 26.9 9.8 10.5 3.5 2 0 3 4 4
5593.1 10061.8 -145.5 311 0 5.8 12.0 10.5 3.5 2 1 3 2 2
5658.9 10080.6 -139.1 90 0 33.4 65.7 14.0 0.0 0 1 4 0 0
4273.8 9683.0 -112.3 10 0 31.3 65.3 45.5 0.0 0 1 13 0 0
4278.0 9685.9 -112.9 11 0 38.9 68.9 14.0 0.0 0 1 4 0 0
5392.3 10153.5 -139.2 270 0 9.6 36.2 10.5 3.5 2 1 3 4 4
5479.6 10293.9 -142.2 325 0 11.9 16.4 14.0 3.5 2 1 4 2 2
5439.0 10296.1 -142.6 266 0 11.4 14.8 14.0 3.5 2 1 4 2 2
5554.5 10410.8 -145.1 180 0 36.2 61.7 14.0 0.0 0 1 4 4 4
5456.5 10219.6 -141.3 91 0 63.1 57.7 14.0 0.0 0 0 4 1 1
5456.1 10299.1 -142.6 266 0 11.6 15.2 14.0 3.5 4 1 4 3 3
5397.0 10359.9 -139.0 42 0 17.1 25.0 10.5 0.0 0 1 3 5 5
5352.9 10546.2 -138.4 179 0 18.4 26.1 14.0 0.0 0 0 4 0 0
5370.9 10512.0 -135.2 270 0 22.3 18.8 14.0 3.5 2 0 4 1 1
5480.2 10534.7 -143.9 133 0 8.5 20.3 10.5 3.5 2 1 3 2 2
5702.5 10745.7 -154.3 256 0 22.6 8.8 10.5 3.5 2 0 3 0 0
5796.4 10795.8 -140.5 75 0 16.7 33.6 14.0 0.0 0 1 4 4 4
5847.4 10652.3 -160.1 177 0 8.6 19.1 10.5 3.5 2 1 3 2 2
5776.2 10666.5 -157.6 266 0 5.1 11.1 10.5 3.5 2 1 3 5 5
5956.0 10571.5 -146.9 85 0 13.1 5.5 10.5 3.5 2 0 3 4 4
5857.0 10683.0 -157.8 264 0 10.8 5.1 10.5 3.5 2 0 3 3 3
5811.0 10652.4 -159.8 266 0 63.8 10.4 10.5 3.5 2 0 3 1 1
5936.7 10685.9 -158.0 263 0 6.5 11.1 10.5 3.5 2 1 3 4 4
5878.0 10675.3 -159.2 264 0 5.4 10.7 10.5 3.5 2 1 3 3 3
6238.8 10561.9 -153.7 61 0 11.9 13.8 14.0 3.5 4 1 4 5 5
6254.9 10564.8 -155.9 61 0 13.2 15.5 14.0 3.5 2 1 4 2 2
6242.6 10586.7 -155.0 58 0 30.3 3.8 10.5 3.5 2 0 3 4 4
6048.3 10570.0 -141.9 13 0 17.7 23.0 14.0 0.0 0 1 4 2 2
6061.4 10542.0 -124.2 183 0 19.5 23.3 14.0 0.0 0 1 4 4 4
6056.1 10504.4 -132.7 185 0 19.5 23.4 14.0 0.0 0 1 4 4 4
6132.2 10508.2 -139.3 272 0 13.0 34.1 14.0 0.0 0 1 4 4 4
5537.9 10839.9 -152.3 166 0 43.3 11.5 10.0 2.5 4 0 4 1 1
5550.4 10809.5 -153.6 254 0 11.6 52.6 10.0 2.5 4 1 4 5 5
5506.7 10800.3 -151.7 255 0 17.9 26.8 10.0 0.0 0 1 4 0 0
5566.0 10813.9 -153.2 254 0 11.7 52.6 7.5 2.5 2 1 3 5 5
5613.1 10776.0 -153.1 345 0 16.9 26.9 7.5 0.0 0 1 3 0 0
5505.2 10750.5 -151.4 165 0 18.9 27.1 40.0 0.0 0 1 16 1 1
5593.8 10847.5 -150.3 345 0 16.9 26.9 10.0 0.0 0 1 4 0 0
5603.3 10811.6 -153.3 345 0 16.9 27.0 12.5 0.0 0 1 5 1 1
5554.3 10866.5 -151.6 256 0 11.6 43.5 10.0 2.5 2 1 4 1 1
5167.3 10753.6 -143.3 345 0 13.0 24.1 14.0 0.0 0 1 4 2 2
5142.9 10634.3 -136.4 164 0 59.1 63.0 10.5 0.0 0 1 3 1 1
6919.2 8846.0 -158.4 138 0 9.7 46.9 3.5 3.5 2 0 1 1 1
4859.7 10368.9 -146.8 344 0 64.4 49.3 10.5 0.0 0 0 3 4 4
4980.2 10609.6 -148.4 345 0 39.3 83.1 17.5 0.0 0 1 5 4 4
4805.3 10454.7 -147.0 254 0 56.6 58.7 10.0 0.0 0 1 4 1 1
4745.2 10530.4 -148.3 158 0 70.4 34.7 7.5 0.0 0 0 3 4 4
5069.6 10583.3 -148.4 74 0 119.9 57.6 14.0 0.0 0 0 4 2 2
5053.9 10664.3 -149.2 73 0 13.1 26.0 7.0 3.5 2 0 2 2 2
5940.5 10914.0 -127.4 23 0 16.5 33.3 66.5 0.0 0 0 19 1 1
5458.7 10926.9 -144.8 185 0 16.2 31.0 70.0 0.0 0 1 20 5 5
5963.6 10923.2 -128.0 195 0 18.6 29.6 59.5 0.0 0 1 17 4 4
5906.2 10943.5 -127.5 344 0 18.1 28.6 66.5 0.0 0 1 19 3 3
5808.6 11010.5 -126.8 287 0 12.8 20.7 63.0 0.0 0 1 18 0 0
5830.7 10981.9 -125.8 107 0 12.8 20.1 63.0 0.0 0 1 18 4 4
5742.2 11024.0 -128.2 283 0 15.3 28.9 47.5 0.0 0 1 19 2 2
5528.2 11007.4 -135.8 178 0 19.3 27.0 70.0 0.0 0 1 20 2 2
5819.0 10973.9 -125.4 17 0 21.3 11.3 7.0 3.5 4 0 2 3 3
5397.2 10697.8 -140.5 254 0 14.5 20.2 32.5 0.0 0 1 13 5 5
5052.2 10843.3 -142.5 62 0 14.7 36.1 63.0 0.0 0 1 18 1 1
5066.5 10888.7 -141.9 251 0 14.8 36.1 63.0 0.0 0 1 18 3 3
5353.5 10673.2 -138.7 164 0 17.0 20.8 50.0 0.0 0 1 20 3 3
4406.5 10291.5 -155.9 286 0 9.0 16.7 7.5 0.0 0 0 3 0 0
4424.2 10270.2 -156.4 284 0 8.6 23.9 7.5 0.0 0 0 3 2 2
4415.5 10238.3 -156.7 284 0 7.1 24.7 7.5 0.0 0 0 3 5 5
4432.7 10247.5 -156.9 195 0 21.0 28.8 10.5 0.0 0 1 3 3 3
4384.1 10247.8 -156.4 194 0 42.5 11.5 30.0 0.0 0 0 12 5 5
-5303.0 2282.5 -131.5 51 0 81.4 19.9 17.5 0.0 0 0 5 1 1
-5103.2 2531.6 -139.6 142 0 48.3 84.5 14.0 0.0 0 0 4 4 4
-5372.7 2250.7 -131.7 143 0 34.1 15.4 17.5 3.5 2 0 5 1 1
-5355.8 2280.0 -131.0 141 0 17.4 111.8 17.5 0.0 0 1 5 0 0
-3835.3 2517.0 -153.5 321 0 91.4 54.3 14.0 0.0 0 0 4 5 5
2485.1 -8449.4 -145.1 40 0 29.0 12.4 12.5 2.5 2 0 5 5 5
2589.6 -8616.9 -153.7 29 0 40.9 9.4 10.5 3.5 2 0 3 2 2
-1060.0 12175.6 -159.3 310 0 9.2 16.1 3.5 3.5 2 1 1 5 5
-1041.0 12148.9 -159.1 40 0 16.1 14.5 3.5 3.5 2 0 1 5 5
-1533.4 11998.5 -149.8 14 0 14.0 12.4 17.5 3.5 2 0 5 5 5
-6720.1 2740.1 152.5 63 0 8.9 14.8 10.5 0.0 0 1 3 1 1
-6439.0 2676.2 76.9 134 0 7.4 5.3 10.5 3.5 2 0 3 5 5
-6875.4 2701.4 152.7 328 0 9.6 17.8 10.5 3.5 2 1 3 2 2
-4870.2 1144.2 -142.8 25 0 37.1 38.8 14.0 0.0 0 0 4 4 4
-5075.3 149.0 -47.7 5 0 27.2 6.4 10.5 3.5 4 0 3 5 5
-4834.8 1146.9 -142.7 296 0 22.2 10.0 14.0 3.5 2 0 4 5 5
-4791.1 1125.6 -142.8 297 0 22.7 10.8 14.0 3.5 2 0 4 4 4
6769.6 8527.9 -143.6 58 0 14.7 144.0 14.0 0.0 0 1 4 4 4
6722.4 8546.8 -142.4 241 0 18.3 13.6 14.0 3.5 2 0 4 1 1
6697.5 8743.9 -143.2 144 0 24.3 4.6 10.5 3.5 2 0 3 3 3
6703.2 8670.7 -142.8 60 0 36.0 17.4 14.0 3.5 2 0 4 1 1
-3075.0 12583.5 -162.9 192 0 33.2 21.5 14.0 0.0 0 0 4 2 2
-2976.9 12569.0 -148.4 22 0 14.3 14.0 3.5 3.5 2 0 1 3 3
-2388.2 12381.2 -157.3 241 0 15.4 18.8 3.5 3.5 2 0 1 3 3
-3181.1 12548.1 -151.3 205 0 32.5 20.7 10.5 0.0 0 0 3 0 0
-2411.0 12481.2 -167.9 333 0 18.8 58.4 7.0 3.5 2 1 2 4 4
2394.9 10297.3 -145.3 136 0 7.6 8.5 10.5 3.5 2 1 3 1 1
4588.1 10294.5 -147.4 14 0 13.8 16.6 15.0 0.0 0 0 6 0 0
4565.5 10307.2 -148.5 284 0 16.9 13.8 15.0 0.0 0 0 6 2 2
4549.1 10311.2 -149.7 284 0 16.8 13.8 15.0 0.0 0 0 6 0 0
4533.3 10315.1 -150.9 284 0 16.0 13.8 15.0 0.0 0 0 6 4 4
4649.4 10362.1 -142.2 194 0 12.7 12.7 15.0 0.0 0 1 6 0 0
4681.1 10354.5 -143.4 13 0 8.8 12.4 7.5 0.0 0 1 3 5 5
4655.0 10385.1 -143.5 194 0 8.4 12.7 7.5 0.0 0 1 3 4 4
4660.8 10307.6 -142.6 103 0 6.9 19.1 7.5 0.0 0 0 3 3 3
4667.7 10406.0 -147.2 186 0 7.7 18.6 3.5 3.5 2 1 1 0 0
4530.5 10284.8 -152.3 13 0 7.4 12.0 7.5 0.0 0 1 3 2 2
4663.4 10288.1 -143.5 15 0 7.4 24.8 7.5 0.0 0 1 3 5 5
4589.0 10369.9 -145.2 13 0 12.6 38.8 28.0 0.0 0 1 8 0 0
4418.9 10307.4 -155.8 104 0 16.1 18.7 55.0 0.0 0 1 22 2 2
4603.7 10387.3 -142.9 194 0 31.0 32.5 5.0 0.0 0 1 2 2 2
4698.1 10373.7 -146.7 193 0 13.8 36.4 5.0 2.5 2 1 2 2 2
4423.5 10305.5 -156.0 104 0 38.5 33.7 5.0 0.0 0 0 2 1 1
4647.1 10311.6 -141.9 104 0 14.1 44.6 10.0 2.5 2 1 4 1 1
4493.0 10323.0 -153.8 283 0 11.2 10.5 30.0 0.0 0 0 12 2 2
5385.4 4763.7 -152.4 344 0 8.5 7.5 10.5 3.5 2 0 3 0 0
3346.3 10481.2 -148.8 287 0 22.4 40.6 35.0 0.0 0 0 10 0 0
3386.2 10469.7 -149.9 285 0 21.3 39.7 35.0 0.0 0 0 10 3 3
3319.6 10389.8 -146.0 105 0 22.6 44.6 35.0 0.0 0 0 10 1 1
3361.7 10378.7 -147.5 105 0 21.1 44.1 35.0 3.5 2 0 10 3 3
3660.1 10361.8 -148.5 147 0 23.1 17.9 73.5 0.0 0 0 21 0 0
3584.2 10403.8 -153.7 149 0 16.1 17.9 73.5 0.0 0 1 21 0 0
3306.7 10383.3 -150.2 331 0 76.1 27.0 7.0 0.0 0 0 2 1 1
3110.7 10344.5 -148.8 242 0 65.3 15.6 59.5 3.5 4 0 17 4 4
3296.3 10462.5 -154.5 15 0 41.3 119.4 17.5 0.0 0 0 5 5 5
3200.5 9992.4 -142.3 179 0 26.3 17.1 10.5 3.5 2 0 3 2 2
3254.3 9994.8 -143.3 359 0 27.0 13.9 17.5 3.5 2 0 5 4 4
3227.0 10016.9 -142.7 269 0 53.8 10.8 21.0 0.0 0 0 6 3 3
3820.5 10684.7 -137.3 101 0 41.2 20.2 5.0 2.5 2 0 2 0 0
4535.8 10692.9 -143.2 265 0 20.9 10.5 7.0 3.5 2 0 2 4 4
4561.5 10528.1 -151.0 351 0 9.0 9.6 7.5 0.0 0 1 3 2 2
4526.2 10533.7 -150.6 260 0 6.0 13.6 7.5 0.0 0 1 3 5 5
4335.0 10410.9 -144.8 358 0 12.3 13.4 14.0 3.5 2 1 4 4 4
4496.7 10652.1 -145.3 114 0 17.8 29.0 7.0 0.0 0 0 2 2 2
4039.5 10770.6 -140.5 296 0 8.2 14.9 10.5 3.5 2 1 3 4 4
4325.7 10582.2 -152.7 359 0 9.9 6.7 7.0 3.5 2 0 2 2 2
4137.7 10535.0 -157.4 190 0 16.9 29.7 7.0 0.0 0 0 2 4 4
3974.0 10577.3 -143.4 12 0 22.9 7.5 3.5 3.5 2 0 1 0 0
4252.6 10427.9 -146.4 2 0 12.2 29.1 10.5 3.5 2 1 3 0 0
3976.2 10631.6 -141.7 11 0 10.7 8.8 7.5 0.0 0 0 3 1 1
3983.2 10623.5 -141.9 12 0 11.3 5.5 7.5 0.0 0 0 3 2 2
3952.2 10590.2 -141.8 12 0 17.6 13.9 40.0 0.0 0 0 16 3 3
4042.1 10602.4 -145.8 281 0 12.8 16.3 30.0 0.0 0 1 12 1 1
4493.9 10529.7 -150.3 260 0 9.9 12.1 7.5 0.0 0 1 3 2 2
4287.5 10437.6 -143.9 267 0 14.3 13.9 15.0 0.0 0 0 6 5 5
4471.0 10484.4 -147.2 350 0 12.3 14.1 35.0 0.0 0 1 14 5 5
3724.4 10618.6 -146.5 102 0 11.6 26.7 55.0 0.0 0 1 22 4 4
4034.3 10564.5 -146.5 101 0 9.4 19.7 7.5 0.0 0 1 3 4 4
3965.0 10626.8 -141.5 11 0 13.4 19.6 30.0 0.0 0 1 12 4 4
3781.8 10712.0 -138.8 281 0 11.9 15.6 47.5 0.0 0 1 19 3 3
3992.9 10563.4 -144.8 101 0 11.2 24.3 45.0 0.0 0 1 18 3 3
4174.2 10520.3 -157.0 101 0 17.2 24.8 17.5 0.0 0 1 5 4 4
3915.0 10625.3 -139.6 101 0 10.3 21.1 47.5 0.0 0 1 19 1 1
4676.8 10528.3 -148.7 260 0 10.0 20.1 40.0 0.0 0 1 16 2 2
3907.0 10606.8 -139.4 11 0 31.3 39.3 5.0 0.0 0 1 2 0 0
3729.0 10715.5 -142.4 190 0 11.8 22.2 50.0 0.0 0 1 20 5 5
3747.4 10673.3 -143.3 281 0 13.4 19.7 52.5 0.0 0 1 21 4 4
3829.8 10702.4 -135.9 281 0 11.1 17.2 45.0 0.0 0 1 18 5 5
3982.6 10578.3 -145.5 191 0 32.9 28.8 5.0 0.0 0 0 2 1 1
4295.5 10515.2 -150.0 278 0 44.5 18.7 10.5 0.0 0 0 3 5 5
3945.5 10630.9 -141.7 188 0 30.6 20.1 5.0 0.0 0 0 2 1 1
4465.9 10468.7 -147.7 80 0 17.2 33.1 5.0 2.5 2 1 2 1 1
4024.3 10576.8 -146.9 191 0 20.5 25.3 5.0 2.5 2 1 2 3 3
4052.8 10590.4 -146.2 11 0 16.4 25.4 5.0 2.5 2 1 2 4 4
4355.6 10433.3 -145.2 358 0 14.9 10.0 10.5 3.5 2 0 3 5 5
4469.9 10642.3 -144.8 90 0 23.4 12.4 14.0 3.5 2 0 4 2 2
3744.5 10729.5 -143.6 281 0 31.5 40.7 5.0 0.0 0 1 2 0 0
3928.4 10510.8 -147.7 16 0 6.4 49.9 3.5 3.5 2 1 1 5 5
3930.3 10590.6 -142.2 191 0 32.1 25.7 5.0 0.0 0 0 2 5 5
3905.1 10595.8 -141.0 192 0 31.7 25.2 5.0 0.0 0 0 2 2 2
3741.6 10649.0 -145.1 101 0 47.6 25.1 5.0 0.0 0 0 2 5 5
4345.1 10514.8 -147.8 279 0 48.9 32.1 5.0 0.0 0 0 2 1 1
3751.1 10643.5 -147.0 282 0 26.4 30.4 5.0 0.0 0 1 2 5 5
3691.4 10721.8 -145.0 190 0 44.3 31.4 5.0 0.0 0 0 2 4 4
4223.3 10413.1 -146.3 181 0 12.0 20.7 14.0 3.5 2 1 4 3 3
4199.6 10411.9 -146.6 271 0 5.8 31.6 10.5 3.5 2 1 3 5 5
3782.1 10691.9 -139.3 101 0 36.4 20.4 5.0 0.0 0 0 2 3 3
-3764.8 1814.8 -143.3 351 0 7.0 7.4 10.5 3.5 2 1 3 1 1
-3735.5 1807.4 -143.5 161 0 7.4 12.7 10.5 0.0 0 0 3 3 3
-3800.0 1805.1 -142.8 82 0 9.2 6.8 10.5 3.5 2 0 3 2 2
-4014.3 1668.7 -111.5 156 0 81.2 49.9 17.5 0.0 0 0 5 3 3
-3964.7 1566.6 -106.4 155 0 41.0 43.1 17.5 0.0 0 1 5 4 4
-3910.6 1460.6 -104.0 157 0 17.1 49.1 17.5 3.5 2 1 5 2 2
-3868.6 1398.2 -124.8 172 0 47.3 25.3 17.5 0.0 0 0 5 2 2
-4047.4 1721.3 -108.4 156 0 20.6 43.6 17.5 0.0 0 1 5 3 3
-3986.5 1607.4 -109.0 156 0 38.9 49.4 17.5 0.0 0 1 5 4 4
-3839.3 1949.0 -147.1 200 0 8.2 14.6 10.5 0.0 0 1 3 5 5
-5489.2 1377.8 -95.6 89 0 26.2 51.6 14.0 0.0 0 1 4 1 1
-5168.0 2115.1 -136.6 227 0 29.9 26.5 14.0 0.0 0 0 4 2 2
-4617.6 1771.8 -120.5 295 0 58.3 57.7 10.5 0.0 0 0 3 5 5
-3765.9 2036.7 -151.3 259 0 36.6 11.6 14.0 3.5 2 0 4 0 0
-3426.6 1515.2 -155.9 169 0 48.5 107.6 14.0 0.0 0 0 4 2 2
-5391.3 1458.8 -92.8 269 0 35.8 60.4 14.0 0.0 0 1 4 3 3
-5530.1 1376.1 -97.3 89 0 25.8 51.1 14.0 0.0 0 1 4 2 2
-4665.8 1794.5 -120.8 295 0 48.3 57.5 10.5 0.0 0 0 3 0 0
-5531.6 1509.0 -92.5 269 0 25.6 64.9 14.0 0.0 0 1 4 5 5
-5571.0 1507.4 -97.3 269 0 25.8 65.0 14.0 0.0 0 1 4 0 0
-3651.4 2136.2 -151.6 259 0 15.7 69.9 14.0 3.5 2 1 4 0 0
-3846.5 1923.6 -146.5 189 0 9.7 17.8 10.5 0.0 0 1 3 5 5
-3813.4 2025.3 -148.1 16 0 55.0 12.5 14.0 3.5 4 0 4 1 1
-5492.6 1509.9 -92.3 269 0 25.7 65.0 14.0 0.0 0 1 4 0 0
-3721.2 2019.6 -151.2 350 0 26.9 10.0 10.5 3.5 2 0 3 1 1
-3749.2 1981.4 -151.1 79 0 49.1 45.8 14.0 0.0 0 0 4 4 4
-5180.8 1711.4 -128.9 137 0 100.3 85.6 14.0 0.0 0 0 4 0 0
-5101.5 2173.6 -137.4 226 0 30.6 20.9 14.0 0.0 0 0 4 0 0
-3714.2 2120.1 -151.0 169 0 12.5 52.4 14.0 3.5 2 1 4 5 5
-3405.7 1484.7 -156.1 169 0 20.5 93.0 14.0 0.0 0 0 4 2 2
-5600.7 1505.8 -100.7 269 0 7.9 41.2 10.5 3.5 2 1 3 4 4
-2537.8 12507.6 -159.5 105 0 20.8 18.8 17.5 3.5 2 0 5 3 3
6767.8 4560.4 -150.7 242 0 16.5 14.7 14.0 3.5 2 0 4 0 0
3253.4 4328.6 -107.7 226 0 36.5 54.5 14.0 0.0 0 1 4 3 3
6824.8 4572.3 -150.9 150 0 18.2 55.2 14.0 3.5 4 1 4 5 5
6713.3 4872.2 -151.0 61 0 74.4 42.3 10.5 0.0 0 0 3 4 4
341.8 12477.4 -149.8 56 0 14.1 25.7 30.0 0.0 0 1 12 5 5
454.8 12514.8 -150.1 54 0 15.4 30.2 30.0 0.0 0 1 12 1 1
356.8 12518.4 -149.8 236 0 14.0 25.7 30.0 0.0 0 1 12 3 3
414.0 12562.4 -149.9 233 0 15.1 30.2 30.0 0.0 0 1 12 3 3
337.2 12692.2 -154.1 324 0 26.2 19.9 42.0 0.0 0 0 12 4 4
341.1 12638.3 -152.5 13 0 17.4 34.0 42.0 0.0 0 1 12 5 5
404.7 12601.0 -149.6 323 0 17.2 31.5 30.0 0.0 0 1 12 5 5
107.6 12703.2 -155.3 55 0 25.0 46.2 3.5 0.0 0 1 1 4 4
448.3 12548.9 -150.2 324 0 62.9 31.3 5.0 0.0 0 0 2 5 5
75.9 12702.8 -155.6 56 0 7.4 41.8 7.0 3.5 2 1 2 0 0
4654.2 9857.4 -133.1 104 0 29.1 27.7 3.5 0.0 0 0 1 3 3
4617.8 9908.6 -142.4 104 0 55.9 30.2 14.0 0.0 0 0 4 0 0
4610.5 9990.6 -148.7 193 0 23.7 47.9 45.5 0.0 0 0 13 4 4
4617.8 9908.6 -142.4 104 0 55.9 30.2 17.5 0.0 0 0 5 1 1
4625.2 10033.9 -152.4 283 0 62.4 33.3 5.0 0.0 0 0 2 5 5
1123.4 6985.6 -154.3 337 0 10.1 8.7 10.5 3.5 2 0 3 0 0
3243.9 11146.1 -141.5 142 0 16.0 12.9 17.5 3.5 2 0 5 5 5
3024.0 11165.1 -143.3 97 0 23.7 47.8 17.5 3.5 2 1 5 3 3
3075.1 11159.9 -139.8 97 0 23.7 47.8 17.5 3.5 2 1 5 5 5
3122.1 11162.6 -135.0 97 0 23.8 47.8 17.5 3.5 2 1 5 4 4
2924.9 11162.7 -148.1 96 0 43.2 43.7 17.5 0.0 0 1 5 5 5
2980.0 11160.5 -145.4 97 0 23.7 47.8 17.5 3.5 2 1 5 2 2
2725.1 10642.9 -152.3 281 0 22.0 24.7 17.5 0.0 0 1 5 1 1
2654.6 10648.4 -156.4 194 0 18.4 29.9 17.5 0.0 0 1 5 5 5
2903.3 10504.5 -140.8 281 0 22.0 24.7 14.0 0.0 0 1 4 5 5
2677.1 10613.1 -150.4 195 0 18.8 27.2 17.5 0.0 0 1 5 4 4
2579.8 10605.8 -156.8 195 0 19.4 24.1 17.5 0.0 0 1 5 5 5
-5656.5 5407.9 -156.4 207 0 10.5 115.3 14.0 3.5 2 1 4 4 4
5289.6 9566.9 -140.9 179 0 33.4 90.1 17.5 0.0 0 1 5 0 0
5293.1 9599.2 -139.7 88 0 84.0 29.7 56.0 0.0 0 0 16 4 4
4533.4 9753.4 -136.8 15 0 32.8 26.2 42.0 0.0 0 0 12 3 3
4994.0 9860.2 -126.8 255 0 29.4 22.7 42.0 0.0 0 0 12 1 1
4965.9 9904.0 -128.1 255 0 33.9 27.2 17.5 0.0 0 0 5 5 5
5021.2 9918.2 -134.3 251 0 21.3 26.9 49.0 0.0 0 1 14 4 4
4924.1 9893.1 -124.8 254 0 13.4 27.2 21.0 0.0 0 0 6 1 1
4910.1 9886.0 -123.5 254 0 16.9 19.1 45.5 0.0 0 0 13 1 1
4778.8 9942.8 -140.3 193 0 17.2 44.9 31.5 0.0 0 0 9 0 0
4811.9 9983.1 -148.8 284 0 44.9 38.4 59.5 0.0 0 0 17 2 2
4732.1 9592.8 -136.9 275 0 21.0 36.1 24.5 0.0 0 0 7 1 1
4756.4 9602.9 -134.1 269 0 19.5 48.3 17.5 0.0 0 0 5 4 4
4445.5 9615.2 -117.3 180 0 21.9 24.4 42.0 3.5 2 1 12 2 2
4571.4 9582.2 -137.5 268 0 42.7 28.4 28.0 0.0 0 0 8 0 0
4472.6 9662.1 -122.2 358 0 65.1 24.3 45.5 3.5 4 0 13 3 3
4559.7 9654.1 -134.5 89 0 45.1 49.3 45.5 0.0 0 1 13 3 3
4569.1 9641.1 -139.1 178 0 18.3 16.9 42.0 0.0 0 0 12 3 3
4568.2 9614.5 -139.6 180 0 32.3 21.2 49.0 0.0 0 0 14 1 1
4308.7 9596.6 -109.0 99 0 45.7 45.6 52.5 0.0 0 0 15 2 2
4388.8 9663.1 -107.8 358 0 44.9 19.5 63.0 0.0 0 0 18 0 0
4390.1 9614.7 -110.4 358 0 45.6 19.2 59.5 3.5 4 0 17 2 2
4404.1 9635.8 -113.6 179 0 77.8 23.9 59.5 0.0 0 0 17 5 5
4401.7 9572.5 -121.0 272 0 23.8 30.9 52.5 0.0 0 1 15 1 1
4303.6 9558.8 -120.6 181 0 34.3 76.5 45.5 0.0 0 1 13 4 4
4134.7 9736.7 -100.1 170 0 23.7 38.7 52.5 0.0 0 1 15 0 0
4236.6 9765.4 -104.5 279 0 29.2 28.8 50.0 0.0 0 0 20 2 2
4263.0 9713.2 -119.7 99 0 29.1 28.8 50.0 0.0 0 0 20 2 2
4148.8 9590.8 -114.1 280 0 27.9 25.7 52.5 0.0 0 0 15 3 3
4188.0 9581.8 -107.8 279 0 39.5 21.1 42.0 0.0 0 0 12 2 2
4250.1 9571.2 -112.7 279 0 72.3 22.1 52.5 3.5 2 0 15 2 2
4576.7 9781.7 -133.6 106 0 33.1 49.9 42.5 0.0 0 1 17 1 1
4641.8 9832.9 -129.4 286 0 49.9 32.5 42.5 0.0 0 0 17 0 0
4696.6 9778.3 -122.3 15 0 49.7 35.7 42.5 0.0 0 0 17 5 5
-3218.2 12744.8 -145.0 118 0 6.8 19.5 10.5 0.0 0 1 3 5 5
-3338.7 12725.4 -148.5 296 0 10.6 6.1 10.5 3.5 2 0 3 4 4
4141.2 9592.9 -117.5 280 0 50.7 26.8 14.0 0.0 0 0 4 3 3
4187.5 9584.7 -108.8 280 0 43.8 27.4 14.0 0.0 0 0 4 1 1
4404.3 9574.4 -121.5 272 0 32.3 36.1 14.0 0.0 0 1 4 2 2
-5847.1 3701.4 -151.8 25 0 19.9 28.9 17.5 0.0 0 1 5 5 5
-5683.5 3594.7 -151.0 296 0 71.9 31.4 17.5 0.0 0 0 5 4 4
5191.0 9839.4 -145.6 207 0 9.5 18.6 10.5 3.5 2 1 3 0 0
5064.8 9555.2 -144.5 90 0 23.1 14.5 14.0 3.5 2 0 4 3 3
3145.7 11046.7 -149.5 186 0 34.0 37.4 17.5 0.0 0 1 5 4 4
2896.2 11244.3 -144.4 38 0 18.1 25.7 17.5 0.0 0 1 5 3 3
2869.4 11214.1 -145.6 72 0 16.1 25.6 17.5 0.0 0 1 5 0 0
2818.5 11224.7 -143.7 178 0 19.1 27.0 17.5 0.0 0 1 5 2 2
2899.0 10921.9 -139.1 183 0 8.7 27.3 10.5 3.5 2 1 3 0 0
3045.3 10918.2 -142.1 160 0 24.0 69.1 14.0 0.0 0 1 4 4 4
6482.4 10962.4 -154.3 116 0 11.7 35.6 14.0 0.0 0 1 4 3 3
6541.8 11075.6 -145.6 194 0 23.8 17.9 14.0 3.5 2 0 4 2 2
6535.3 11043.3 -147.8 194 0 20.5 16.8 14.0 3.5 2 0 4 2 2
6510.3 11042.1 -146.0 103 0 15.2 21.1 14.0 3.5 2 1 4 2 2
6512.3 11088.2 -136.6 195 0 22.9 15.7 14.0 3.5 2 0 4 0 0
6462.7 11035.6 -142.3 329 0 11.3 21.6 7.5 2.5 2 1 3 0 0
6501.6 11017.3 -151.2 208 0 18.7 23.3 14.0 0.0 0 1 4 2 2
6179.5 10763.4 -144.0 199 0 18.1 16.2 14.0 0.0 0 0 4 5 5
6187.0 10790.4 -140.6 200 0 21.6 17.9 14.0 0.0 0 0 4 1 1
6239.8 10811.8 -144.6 226 0 21.6 18.0 14.0 0.0 0 0 4 3 3
6352.0 10893.6 -145.4 238 0 18.3 12.9 14.0 3.5 4 0 4 2 2
6491.8 11259.1 -118.2 312 0 11.5 24.5 17.5 0.0 0 1 7 0 0
6402.9 11128.4 -121.8 251 0 14.8 13.3 14.0 3.5 2 0 4 0 0
6745.4 11246.6 -147.7 247 0 14.4 17.2 14.0 3.5 2 1 4 3 3
6755.0 11471.3 -151.2 319 0 23.2 83.8 14.0 0.0 0 0 4 3 3
6809.0 11450.9 -158.5 320 0 46.0 27.9 14.0 0.0 0 0 4 1 1
6531.7 11220.0 -120.9 46 0 13.6 19.5 14.0 0.0 0 1 4 0 0
6548.8 11246.1 -121.6 53 0 15.9 19.9 14.0 0.0 0 1 4 4 4
6572.3 11258.7 -122.8 69 0 13.4 18.0 14.0 0.0 0 1 4 4 4
6671.5 11071.5 -140.5 19 0 7.5 6.4 10.5 3.5 2 0 3 1 1
6674.7 11082.6 -138.0 15 0 9.5 6.2 10.5 3.5 2 0 3 3 3
6685.8 11079.8 -138.5 14 0 7.8 11.4 10.5 3.5 2 0 3 0 0
6677.2 11093.6 -137.4 6 0 7.6 6.6 10.5 3.5 2 0 3 3 3
6678.0 11105.7 -137.0 4 0 9.3 6.3 10.5 3.5 2 0 3 0 0
6688.2 11105.6 -137.6 1 0 6.9 10.2 10.5 3.5 2 0 3 1 1
6679.2 11116.1 -136.8 359 0 7.0 7.3 10.5 3.5 2 0 3 5 5
6689.6 11116.6 -137.3 357 0 6.9 10.4 10.5 3.5 2 0 3 2 2
6678.7 11149.7 -134.0 358 0 9.4 7.7 10.5 3.5 2 0 3 1 1
6691.3 11138.7 -136.5 357 0 7.1 12.0 10.5 3.5 2 0 3 3 3
3649.8 10905.6 -137.9 324 0 12.5 26.1 15.0 0.0 0 1 6 3 3
108.5 12302.6 -151.2 270 0 8.0 6.8 10.5 3.5 2 0 3 2 2
542.3 12607.6 -153.0 319 0 11.2 22.5 10.0 0.0 0 1 4 2 2
473.7 12735.0 -152.1 144 0 15.9 25.8 12.5 0.0 0 1 5 2 2
518.2 12681.2 -153.8 321 0 7.7 11.2 7.5 0.0 0 1 3 3 3
875.6 12656.1 -149.2 132 0 12.9 25.3 17.5 0.0 0 1 5 1 1
853.3 12678.4 -149.3 215 0 13.9 22.9 17.5 0.0 0 1 5 4 4
848.4 12577.0 -150.4 157 0 14.8 21.2 17.5 0.0 0 1 5 2 2
847.1 12554.8 -150.3 157 0 14.7 21.2 17.5 0.0 0 1 5 0 0
845.5 12537.4 -150.3 188 0 13.6 20.5 17.5 0.0 0 1 5 3 3
863.0 12477.7 -151.1 359 0 14.1 15.6 17.5 0.0 0 1 5 5 5
891.2 12632.7 -149.0 277 0 10.9 20.9 14.0 0.0 0 1 4 3 3
955.1 12530.7 -144.5 99 0 11.4 21.1 17.5 0.0 0 1 5 1 1
875.0 12632.3 -149.9 276 0 10.8 20.9 14.0 0.0 0 1 4 1 1
900.2 12613.1 -148.0 99 0 11.4 21.1 14.0 0.0 0 1 4 2 2
976.1 12601.3 -145.5 236 0 12.1 21.2 17.5 0.0 0 1 5 5 5
988.5 12606.4 -144.9 208 0 12.4 20.2 17.5 0.0 0 1 5 3 3
969.1 12659.9 -144.4 103 0 14.8 19.5 17.5 0.0 0 1 5 0 0
955.6 12655.6 -145.6 76 0 14.7 19.5 17.5 0.0 0 1 5 2 2
997.9 12616.5 -144.5 182 0 12.8 19.9 17.5 0.0 0 1 5 5 5
983.4 12657.9 -144.0 131 0 14.8 19.5 17.5 0.0 0 1 5 1 1
1092.0 12650.0 -139.7 213 0 10.2 20.4 14.0 0.0 0 1 4 0 0
1145.2 12610.7 -137.1 34 0 12.9 23.5 14.0 0.0 0 1 4 1 1
1114.9 12572.4 -137.5 35 0 13.9 16.3 14.0 0.0 0 1 4 2 2
1127.6 12629.3 -137.0 1 0 12.1 23.7 14.0 0.0 0 1 4 0 0
1047.0 12564.7 -140.3 274 0 11.4 24.9 14.0 0.0 0 1 4 1 1
1086.0 12624.5 -138.1 274 0 11.4 24.9 14.0 0.0 0 1 4 3 3
1059.9 12584.7 -139.0 274 0 11.4 24.9 14.0 0.0 0 1 4 3 3
1073.0 12604.6 -137.7 274 0 11.3 24.9 14.0 0.0 0 1 4 5 5
2685.0 10418.8 -146.4 90 0 5.3 10.2 10.5 3.5 2 0 3 2 2
3667.3 10938.5 -133.0 143 0 13.9 23.9 12.5 0.0 0 1 5 0 0
3645.7 10975.5 -137.9 143 0 13.9 23.9 10.0 0.0 0 1 4 1 1
3617.3 11005.7 -142.0 143 0 13.9 23.9 12.5 0.0 0 1 5 5 5
4005.4 10674.6 -141.9 117 0 5.4 12.3 10.5 3.5 2 1 3 1 1
4048.5 10669.9 -143.7 117 0 5.4 12.3 10.5 3.5 4 1 3 3 3
4058.6 10671.7 -144.2 27 0 12.3 5.4 10.5 3.5 2 0 3 5 5
3972.8 10690.7 -141.6 117 0 5.4 12.3 10.5 3.5 2 1 3 2 2
3939.2 10731.7 -137.1 207 0 12.3 5.4 10.5 3.5 2 0 3 0 0
3943.4 10722.5 -137.8 117 0 5.4 12.3 10.5 3.5 4 1 3 3 3
4026.8 10680.6 -142.0 117 0 5.4 12.3 10.5 3.5 4 1 3 3 3
4031.7 10661.4 -142.8 117 0 5.4 12.3 10.5 3.5 2 1 3 4 4
3958.3 10698.2 -140.5 117 0 5.4 12.3 10.5 0.0 0 1 3 3 3
4038.9 10675.0 -142.5 117 0 5.4 12.3 10.5 3.5 2 1 3 5 5
4043.5 10672.5 -143.1 117 0 5.4 12.3 10.5 3.5 4 1 3 5 5
3948.4 10719.9 -138.5 117 0 5.4 12.3 10.5 3.5 2 1 3 1 1
3936.7 10709.2 -137.4 117 0 5.4 12.3 10.5 3.5 2 1 3 2 2
4012.2 10688.1 -141.5 117 0 5.4 12.3 10.5 3.5 2 1 3 3 3
4034.2 10726.5 -141.5 27 0 12.3 5.4 10.5 3.5 2 0 3 4 4
3988.6 10724.0 -140.1 117 0 5.4 12.3 10.5 3.5 2 1 3 5 5
4063.0 10796.5 -135.5 297 0 5.4 12.3 10.5 3.5 2 1 3 5 5
4010.3 10760.4 -139.3 207 0 12.3 5.4 10.5 3.5 2 0 3 3 3
4060.8 10713.4 -142.7 27 0 12.3 5.4 10.5 3.5 2 0 3 1 1
4040.5 10790.8 -138.2 297 0 5.4 12.3 10.5 3.5 2 1 3 0 0
3994.6 10783.8 -138.2 207 0 12.3 5.4 10.5 3.5 4 0 3 0 0
4005.3 10762.8 -139.1 207 0 12.3 5.4 10.5 3.5 2 0 3 0 0
4055.1 10754.6 -139.5 27 0 12.3 5.4 10.5 3.5 2 0 3 1 1
4041.9 10705.5 -142.3 27 0 12.3 5.4 10.5 3.5 2 0 3 1 1
4048.8 10742.2 -141.2 27 0 12.3 5.4 10.5 3.5 4 0 3 2 2
3969.1 10757.0 -139.3 207 0 12.3 5.4 10.5 3.5 2 0 3 4 4
3983.7 10780.2 -138.5 297 0 5.4 12.3 10.5 3.5 2 1 3 0 0
4076.0 10790.4 -134.9 297 0 5.4 12.3 10.5 3.5 2 1 3 5 5
4090.6 10783.1 -134.2 297 0 5.4 12.3 10.5 3.5 2 1 3 1 1
4047.6 10804.2 -136.2 297 0 5.4 12.3 10.5 3.5 2 1 3 0 0
3962.9 10750.5 -138.9 297 0 5.4 12.3 10.5 3.5 2 1 3 5 5
3985.6 10748.8 -139.4 207 0 12.3 5.4 10.5 3.5 2 0 3 2 2
3999.6 10781.4 -138.4 207 0 12.3 5.4 10.5 3.5 2 0 3 3 3
4060.0 10752.3 -139.2 27 0 12.3 5.4 10.5 3.5 2 0 3 4 4
4056.0 10782.7 -137.4 297 0 5.4 12.3 10.5 3.5 4 1 3 5 5
3974.4 10738.2 -140.0 207 0 12.3 5.4 10.5 3.5 2 0 3 0 0
3980.9 10751.3 -139.4 207 0 12.3 5.4 10.5 0.0 0 0 3 3 3
4076.9 10735.6 -139.8 297 0 5.4 12.3 10.5 3.5 2 1 3 3 3
3988.3 10777.7 -138.5 297 0 5.4 12.3 10.5 3.5 2 1 3 2 2
4025.9 10798.3 -138.8 297 0 5.4 12.3 10.5 3.5 4 1 3 2 2
4011.8 10775.2 -139.5 207 0 12.3 5.4 10.5 3.5 2 0 3 3 3
4069.3 10776.9 -136.7 297 0 5.4 12.3 10.5 3.5 2 1 3 0 0
3984.1 10733.0 -140.1 207 0 12.3 5.4 10.5 3.5 2 0 3 3 3
4054.1 10706.5 -143.1 297 0 5.4 12.3 10.5 3.5 2 1 3 1 1
4034.3 10810.8 -136.9 297 0 5.4 12.3 10.5 3.5 2 1 3 4 4
3953.3 10755.6 -137.5 297 0 5.4 12.3 10.5 0.0 0 1 3 1 1
4051.1 10785.1 -137.7 297 0 5.4 12.3 10.5 0.0 0 1 3 5 5
4081.8 10733.2 -139.6 297 0 5.4 12.3 10.5 0.0 0 1 3 4 4
4038.9 10724.0 -142.0 27 0 12.3 5.4 10.5 3.5 2 0 3 1 1
4016.7 10772.8 -139.5 207 0 12.3 5.4 10.5 3.5 2 0 3 1 1
4074.0 10774.4 -136.5 297 0 5.4 12.3 10.5 3.5 2 1 3 2 2
2904.5 10827.4 -142.6 88 0 18.9 22.4 12.5 0.0 0 1 5 0 0
2219.8 11490.9 -149.0 0 0 8.7 28.3 10.5 0.0 0 1 3 2 2
2168.7 11393.6 -145.7 6 0 17.1 28.6 17.5 0.0 0 1 5 5 5
2052.6 11334.1 -147.3 105 0 14.4 29.7 14.0 0.0 0 1 4 1 1
1966.9 11319.6 -149.5 106 0 14.9 24.2 14.0 0.0 0 1 4 5 5
2088.3 11458.2 -147.5 71 0 14.8 24.2 17.5 0.0 0 1 5 3 3
1941.1 11327.4 -150.0 106 0 14.9 24.2 14.0 0.0 0 1 4 1 1
1915.3 11335.3 -150.6 106 0 14.9 24.2 14.0 0.0 0 1 4 3 3
2062.6 11449.9 -148.3 71 0 14.8 24.2 17.5 0.0 0 1 5 5 5
3145.5 10260.1 -145.8 173 0 11.9 19.0 10.5 3.5 2 1 3 0 0
3162.5 10276.2 -146.4 353 0 11.9 19.0 10.5 3.5 2 1 3 5 5
3139.7 10306.1 -147.9 173 0 11.9 19.0 10.5 3.5 2 1 3 5 5
3147.2 10246.3 -145.0 173 0 11.9 19.0 10.5 3.5 2 1 3 4 4
3137.6 10289.8 -147.5 173 0 16.8 26.2 14.0 3.5 4 1 4 4 4
3193.4 10239.4 -146.7 353 0 35.7 13.2 7.0 3.5 2 0 2 1 1
3183.8 10321.8 -150.4 172 0 16.8 16.6 17.5 0.0 0 0 5 1 1
3134.8 10312.8 -148.7 140 0 3.3 30.1 7.0 3.5 2 0 2 4 4
-2373.5 12788.5 -138.6 332 0 16.1 14.7 14.0 3.5 2 0 4 5 5
-1843.1 10531.5 -121.8 292 0 12.3 15.8 17.5 3.5 2 1 5 5 5
6677.0 10896.2 -162.6 214 0 30.4 37.9 14.0 0.0 0 1 4 1 1
-2915.9 11129.3 -162.4 343 0 37.3 10.6 14.0 3.5 2 0 4 1 1
-2864.8 11114.5 -153.6 340 0 26.9 10.1 14.0 3.5 4 0 4 0 0
-4444.4 12548.3 -157.4 304 0 6.5 9.8 7.5 2.5 2 1 3 1 1
-1682.6 12251.9 -157.5 73 0 5.3 13.1 5.0 2.5 2 1 2 3 3
-1361.1 12082.1 -161.9 193 0 9.4 5.2 12.0 3.5 2 0 3 0 0
-1191.8 12175.0 -158.1 146 0 9.0 7.0 5.0 2.5 2 0 2 2 2
-1127.4 12096.6 -159.2 43 0 36.0 16.9 10.0 2.5 2 0 4 1 1
-1097.4 12736.3 -158.6 267 0 23.3 34.6 14.0 0.0 0 1 4 1 1
-1151.3 12719.3 -158.7 178 0 36.1 27.7 14.0 0.0 0 0 4 3 3
112.1 12330.6 -150.3 146 0 12.9 9.7 12.0 3.5 2 0 3 0 0
511.7 12284.1 -149.2 5 0 34.7 25.3 14.0 0.0 0 0 4 4 4
506.2 12244.8 -149.8 16 0 21.9 13.9 14.0 3.5 2 0 4 1 1
535.6 12443.3 -149.1 323 0 60.7 14.4 21.0 3.5 2 0 6 0 0
564.8 12404.4 -148.0 322 0 13.3 22.5 21.0 0.0 0 1 6 0 0
497.4 12405.0 -149.3 141 0 41.5 23.5 14.0 0.0 0 0 4 3 3
443.3 12407.1 -150.6 151 0 11.5 12.6 14.0 3.5 2 1 4 3 3
1625.8 11630.3 -150.8 265 0 11.3 4.9 10.5 3.5 2 0 3 4 4
1568.3 11544.9 -153.6 250 0 50.3 8.1 7.5 2.5 2 0 3 2 2
1601.6 11584.1 -151.0 65 0 38.1 7.4 10.5 3.5 2 0 3 5 5
1525.4 11556.7 -151.7 91 0 7.9 10.8 10.5 3.5 2 1 3 5 5
1665.5 12482.7 -144.4 19 0 64.8 38.5 17.5 0.0 0 0 5 1 1
1829.8 11326.8 -152.5 15 0 7.5 11.7 10.5 3.5 2 1 3 1 1
-1014.2 10703.9 -126.9 319 0 17.1 13.9 14.0 0.0 0 0 4 2 2
1134.5 12831.8 -136.6 137 0 39.3 21.5 14.0 0.0 0 0 4 3 3
6805.5 11360.6 -157.3 225 0 16.6 14.5 10.5 3.5 4 0 3 3 3
6210.6 10731.4 -150.3 266 0 10.9 6.9 10.5 3.5 2 0 3 0 0
-3030.3 12168.8 -169.3 49 0 8.3 5.4 10.5 3.5 2 0 3 4 4
104.2 9077.5 -42.0 188 0 12.1 7.1 10.5 0.0 0 0 3 3 3
-907.9 11919.1 -157.3 243 0 98.6 30.7 14.0 0.0 0 0 4 5 5
-1296.2 12233.4 -158.8 123 0 9.5 10.7 10.5 3.5 4 1 3 0 0
-1234.7 12206.1 -158.2 38 0 9.2 18.4 7.5 2.5 4 1 3 2 2
-1366.7 12245.3 -159.7 187 0 31.1 17.2 14.0 3.5 2 0 4 0 0
-2298.6 11956.9 -157.3 334 0 20.6 19.3 17.5 3.5 2 0 5 2 2
-2499.1 11793.9 -162.0 280 0 18.2 27.9 17.5 3.5 2 1 5 2 2
-2435.6 11768.0 -162.4 349 0 13.5 10.8 20.0 3.5 2 0 5 2 2
-3017.3 11519.2 -151.4 185 0 10.8 28.2 17.5 3.5 2 1 5 2 2
-3017.3 11519.2 -151.4 185 0 10.8 28.2 17.5 3.5 2 1 5 5 5
-3017.3 11519.2 -151.4 185 0 10.8 28.2 17.5 3.5 2 1 5 3 3
-3016.2 11531.1 -150.0 185 0 10.8 28.2 17.5 0.0 0 1 5 1 1
-3040.0 11518.6 -150.9 101 0 27.5 10.9 21.0 0.0 0 0 6 2 2
-3069.9 11524.8 -150.2 101 0 29.2 10.3 17.5 3.5 2 0 5 0 0
-3045.0 11531.7 -149.1 101 0 7.4 9.1 10.5 3.5 2 1 3 1 1
-3102.1 11536.0 -149.9 90 0 11.5 22.0 17.5 3.5 2 1 5 0 0
-3090.4 11578.0 -145.2 258 1 14.9 10.5 17.5 3.5 2 0 5 0 0
-3394.4 11811.7 -151.8 69 0 37.3 93.3 17.5 0.0 0 1 5 0 0
-3413.2 11669.0 -154.5 204 0 17.4 25.4 14.0 3.5 2 1 4 5 5
-3457.7 11804.7 -145.8 21 0 47.6 26.5 14.0 0.0 0 0 4 5 5
-3599.6 11823.3 -143.1 258 0 15.2 30.7 17.5 3.5 2 1 5 2 2
1407.6 7382.8 -125.5 146 0 9.6 9.3 10.5 3.5 2 0 3 1 1
1467.1 7429.0 -122.4 265 0 10.4 22.8 17.5 3.5 2 1 5 2 2
1439.2 7313.6 -125.9 110 0 10.3 31.0 17.5 3.5 2 1 5 3 3
1384.8 7445.1 -124.7 214 0 10.5 46.9 17.5 3.5 2 1 5 2 2
1395.5 7461.4 -124.2 215 0 10.8 45.9 17.5 3.5 2 1 5 4 4
1365.1 7420.9 -125.6 121 0 9.5 23.8 10.5 3.5 2 1 3 0 0
1421.7 7355.6 -124.9 147 0 26.4 13.4 17.5 0.0 0 0 5 3 3
1473.0 7393.4 -122.3 358 0 6.3 8.1 10.5 3.5 2 1 3 1 1
6550.3 11900.7 -98.0 169 0 7.2 12.2 10.5 0.0 0 1 3 2 2
6633.6 11628.3 -137.6 323 0 8.6 4.6 10.5 3.5 2 0 3 3 3
6663.3 11586.6 -137.3 227 0 5.1 11.5 10.5 3.5 2 1 3 2 2
2567.0 10265.0 -153.0 211 0 3.9 10.2 3.5 3.5 2 1 1 2 2
4678.0 9094.7 -121.4 256 0 6.2 11.7 10.5 3.5 2 1 3 2 2
5057.1 9508.2 -142.1 270 0 11.6 34.5 14.0 3.5 2 1 4 0 0
5042.6 9474.0 -139.3 89 0 10.5 11.4 14.0 3.5 2 1 4 0 0
5033.4 9495.6 -140.3 271 0 24.3 9.2 10.5 3.5 2 0 3 5 5
5043.4 9507.1 -141.6 270 0 11.5 9.2 10.5 3.5 2 0 3 0 0
5030.4 9507.3 -141.4 271 0 9.8 7.1 10.5 3.5 4 0 3 5 5
1985.9 11257.3 -150.0 2 0 15.6 34.9 14.0 3.5 2 1 4 4 4
6901.0 12758.9 -160.0 69 0 13.0 32.5 14.0 0.0 0 1 4 1 1
6883.9 12807.0 -160.3 187 0 20.6 22.4 14.0 0.0 0 1 4 2 2
6906.0 12846.6 -160.6 241 0 18.7 27.4 14.0 0.0 0 1 4 2 2
2769.5 10835.3 -150.7 245 0 22.5 14.3 17.5 3.5 2 0 5 5 5
3543.1 10181.1 -149.8 4 0 23.6 10.5 14.0 3.5 2 0 4 2 2
3472.9 10214.1 -150.6 274 0 25.9 16.8 14.0 3.5 2 0 4 5 5
3458.1 10186.8 -149.6 184 0 22.9 17.6 14.0 3.5 2 0 4 4 4
3480.6 10164.2 -148.6 348 0 13.9 17.2 14.0 3.5 2 1 4 4 4
3488.2 10119.7 -149.5 18 0 19.0 16.9 14.0 3.5 2 0 4 4 4
6871.2 11496.7 -160.7 48 0 29.5 92.5 14.0 0.0 0 0 4 2 2
6872.7 11561.7 -152.9 48 0 17.0 45.5 14.0 3.5 2 0 4 1 1
6895.0 11550.1 -157.6 318 0 47.0 13.2 14.0 3.5 2 0 4 5 5
-5064.8 3429.6 -150.7 101 0 48.5 15.5 17.5 3.5 2 0 5 2 2
-4987.4 3421.6 -151.8 12 0 14.3 46.4 17.5 3.5 2 1 5 1 1
-5128.8 3511.3 -150.1 281 0 8.5 11.2 10.5 3.5 2 1 3 4 4
-5105.4 3506.0 -150.2 281 0 8.8 12.6 10.5 3.5 2 1 3 3 3
-5076.8 3461.7 -150.3 99 0 7.6 14.0 10.5 3.5 2 1 3 0 0
-5065.2 3459.6 -150.6 99 0 8.6 14.0 10.5 3.5 2 1 3 0 0
-5050.9 3458.2 -150.9 98 0 7.9 13.3 10.5 3.5 2 1 3 1 1
-5025.8 3455.2 -151.5 98 0 9.4 14.6 10.5 3.5 2 1 3 5 5
-4987.6 3450.1 -152.3 102 1 10.1 12.7 17.5 3.5 2 1 5 5 5
-4961.8 3447.3 -152.9 100 0 8.0 14.6 10.5 3.5 2 1 3 4 4
-5435.7 4255.1 -153.4 141 0 119.1 19.8 14.0 0.0 0 0 4 0 0
-5545.0 4233.8 -153.6 141 0 151.7 21.8 14.0 0.0 0 0 4 0 0
-5291.5 4285.6 -154.5 143 0 78.4 20.8 17.5 0.0 0 0 5 4 4
-5673.2 4532.8 -155.2 6 0 26.7 14.4 14.0 3.5 2 0 4 5 5
-5675.1 4498.1 -154.9 6 0 25.7 13.2 14.0 3.5 2 0 4 1 1
-5696.4 4465.6 -152.9 182 0 28.3 13.9 14.0 3.5 2 0 4 1 1
-5693.9 4410.0 -149.6 183 0 26.8 14.1 14.0 3.5 2 0 4 5 5
-5696.3 4375.9 -148.3 184 0 27.6 13.5 14.0 3.5 2 0 4 3 3
-5647.5 4262.0 -152.9 143 0 83.5 18.5 14.0 3.5 2 0 4 0 0
-5692.7 4320.3 -150.7 274 0 15.4 102.3 17.5 3.5 2 1 5 0 0
-5681.2 3758.3 -156.9 240 0 28.5 8.1 7.5 2.5 2 0 3 4 4
-5588.9 3790.7 -153.5 150 0 25.6 22.9 14.0 3.5 2 0 4 4 4
-5524.4 3812.9 -147.6 59 0 12.8 30.1 17.5 3.5 2 1 5 2 2
-5560.6 3871.8 -147.8 239 0 12.8 30.1 17.5 3.5 2 1 5 2 2
-5567.4 3881.0 -146.0 59 0 12.8 30.1 14.0 0.0 0 1 4 5 5
-5593.7 3934.7 -146.3 329 0 30.1 12.8 14.0 3.5 2 0 4 3 3
-5618.6 3973.7 -146.6 329 0 30.1 12.8 14.0 3.5 2 0 4 1 1
1997.7 11067.0 -153.7 118 0 21.6 16.3 17.5 3.5 2 0 5 4 4
1644.9 11423.0 -154.2 41 0 5.9 13.9 7.0 3.5 2 1 2 5 5
-6778.0 4403.4 -145.6 279 0 64.3 25.6 14.0 0.0 0 0 4 1 1
-6453.1 4105.4 -141.4 126 0 25.3 16.1 17.5 3.5 4 0 5 0 0
-6418.5 4112.0 -141.8 307 0 6.0 12.6 10.5 3.5 2 1 3 1 1
-4954.4 3484.4 -153.3 282 0 8.2 15.7 10.5 3.5 2 1 3 1 1
-5006.8 3490.3 -152.2 282 0 8.2 15.7 10.5 3.5 2 1 3 3 3
-5019.6 3491.5 -151.9 282 0 8.2 15.7 10.5 3.5 2 1 3 4 4
-5045.2 3495.3 -151.3 282 0 8.2 15.7 10.5 0.0 0 1 3 5 5
-5058.2 3497.3 -151.0 282 0 8.2 15.7 10.5 0.0 0 1 3 2 2
-5270.9 3578.5 -140.3 282 0 8.2 15.7 10.5 3.5 2 1 3 4 4
-5231.0 3568.2 -149.4 282 0 8.2 15.7 10.5 3.5 2 1 3 2 2
-5204.7 3560.8 -150.4 282 0 8.2 15.7 10.5 0.0 0 1 3 2 2
-5190.1 3557.5 -150.5 282 0 8.2 15.7 10.5 0.0 0 1 3 3 3
-5162.5 3549.8 -150.7 282 0 8.2 15.7 10.5 3.5 2 1 3 5 5
-5133.8 3542.3 -150.8 282 0 8.2 15.7 10.5 3.5 2 1 3 5 5
-5119.9 3539.3 -150.9 282 0 8.2 15.7 10.5 3.5 2 1 3 0 0
-5089.9 3532.3 -151.1 282 0 8.2 15.7 10.5 3.5 2 1 3 3 3
-5054.3 3526.3 -151.5 282 0 8.2 15.7 10.5 3.5 4 1 3 0 0
-5028.4 3523.0 -152.1 282 0 8.2 15.7 10.5 3.5 2 1 3 3 3
-4989.3 3517.3 -152.9 282 0 8.2 15.7 10.5 3.5 2 1 3 3 3
-5216.5 3536.4 -149.7 282 0 8.2 15.7 10.5 3.5 2 1 3 4 4
-6619.0 4055.0 -139.0 126 0 42.7 101.0 14.0 0.0 0 1 4 4 4
-6550.2 4006.5 -138.1 126 0 42.6 97.0 14.0 0.0 0 1 4 0 0
-6625.8 4186.9 -141.0 312 0 61.2 96.6 14.0 0.0 0 1 4 1 1
-6790.1 4105.0 -134.0 297 0 67.6 27.5 17.5 0.0 0 0 5 4 4
-6747.3 3833.4 -138.3 125 0 44.8 90.9 17.5 0.0 0 1 5 2 2
-6657.7 4017.2 -137.2 305 0 43.0 96.0 17.5 0.0 0 1 5 5 5
-6618.2 3953.8 -135.7 35 0 20.2 15.7 17.5 3.5 2 0 5 1 1
-6112.1 3443.3 -149.4 130 0 14.9 64.3 12.5 2.5 2 1 5 2 2
-6042.1 3428.0 -151.7 119 0 14.9 64.3 10.0 2.5 2 1 4 0 0
-5967.9 3431.3 -150.7 109 0 14.9 64.4 10.0 2.5 2 1 4 4 4
-5920.4 3556.4 -153.0 25 0 35.6 36.2 14.0 0.0 0 1 4 0 0
-6082.1 3686.7 -147.9 273 0 14.7 71.9 10.0 2.5 2 1 4 5 5
-5874.5 3316.7 -140.9 329 0 16.8 24.0 14.0 3.5 2 1 4 1 1
-5892.2 3285.4 -139.9 239 0 24.0 16.8 14.0 3.5 2 0 4 5 5
-5927.3 3222.5 -133.6 149 0 16.8 24.0 14.0 3.5 4 1 4 3 3
-5977.6 3181.8 -122.1 239 0 24.0 16.8 14.0 0.0 0 0 4 3 3
-5950.6 3151.4 -115.3 329 0 16.8 24.0 14.0 3.5 2 1 4 5 5
-5930.9 3185.8 -124.2 59 0 24.0 16.8 14.0 3.5 2 0 4 4 4
-5911.7 3182.1 -121.6 149 0 16.8 24.0 14.0 3.5 2 1 4 4 4
-5848.3 3210.7 -136.4 59 0 24.0 16.8 14.0 3.5 2 0 4 0 0
-5851.1 3309.6 -140.8 293 0 24.0 16.8 14.0 3.5 2 0 4 1 1
-5822.3 3298.6 -140.4 293 0 24.0 16.8 14.0 3.5 2 0 4 3 3
-5809.5 3258.8 -138.7 11 0 24.1 16.7 14.0 3.5 2 0 4 4 4
-5915.5 3271.2 -139.2 281 0 16.7 24.1 14.0 3.5 2 1 4 3 3
-5868.5 3194.9 -128.6 46 0 24.0 16.8 14.0 3.5 2 0 4 4 4
-5819.0 3223.6 -137.1 46 0 24.0 16.8 14.0 3.5 2 0 4 3 3
3067.4 10923.2 -139.7 170 0 15.6 22.9 14.0 3.5 2 1 4 3 3
3105.4 10812.6 -150.4 12 0 19.4 10.5 14.0 0.0 0 0 4 4 4
345.0 12397.4 -150.8 280 0 10.8 11.3 3.5 0.0 0 1 1 2 2
685.5 12374.9 -152.1 253 0 36.4 4.9 10.5 3.5 2 0 3 1 1
563.5 12697.4 -152.0 80 0 4.4 16.4 7.5 2.5 2 1 3 1 1
2696.4 10188.9 -157.6 307 0 39.5 18.5 14.0 3.5 2 0 4 0 0
440.4 12212.3 -150.5 54 0 16.5 28.1 14.0 0.0 0 1 4 1 1
470.2 12236.1 -150.3 197 0 14.9 26.6 14.0 0.0 0 1 4 4 4
505.0 12327.3 -147.5 144 0 10.7 13.6 14.0 3.5 2 0 4 1 1
513.9 12314.9 -147.7 143 0 10.3 13.8 14.0 3.5 2 0 4 4 4
2954.8 10792.5 -144.6 288 0 34.9 19.8 17.5 0.0 0 0 5 5 5
5628.7 9274.6 -143.8 16 0 27.8 29.9 14.0 3.5 2 1 4 0 0
2982.2 10082.5 -141.2 126 0 25.0 26.7 17.5 0.0 0 1 5 4 4
2964.3 10145.1 -143.4 314 0 72.7 36.4 17.5 0.0 0 0 5 3 3
3204.5 10168.0 -145.3 197 0 17.9 10.0 17.5 3.5 2 0 5 4 4
-5910.6 4030.1 -147.5 352 0 32.9 37.0 14.0 0.0 0 1 4 5 5
3018.0 11498.3 -94.1 219 0 6.5 8.6 10.5 0.0 0 1 3 5 5
3375.0 11356.6 -111.4 251 0 11.9 9.3 10.5 3.5 2 0 3 4 4
2227.6 12459.5 -80.6 279 0 9.9 23.4 10.5 3.5 2 1 3 2 2
-6749.6 4462.7 -147.8 99 0 95.7 6.5 10.5 0.0 0 0 3 2 2
-5863.8 952.5 -98.9 339 0 80.2 16.3 14.0 3.5 2 0 4 1 1
-5899.1 846.5 -86.5 31 0 79.7 15.4 14.0 3.5 4 0 4 2 2
-6014.1 755.9 -92.2 143 0 15.6 82.3 14.0 3.5 4 1 4 5 5
-6045.8 721.3 -108.7 63 0 77.9 16.6 14.0 3.5 2 0 4 2 2
-5915.1 928.6 -100.9 297 0 17.9 42.6 14.0 3.5 2 1 4 4 4
-5962.1 872.0 -97.8 222 0 49.9 17.1 14.0 3.5 2 0 4 0 0
-5998.7 831.6 -95.5 223 0 41.8 18.6 14.0 3.5 2 0 4 1 1
-6042.2 790.9 -98.1 221 0 53.8 12.0 14.0 3.5 4 0 4 1 1
-4776.2 3471.4 -134.0 335 0 24.2 33.1 17.5 0.0 0 1 5 0 0
-5031.5 3707.2 -154.2 245 0 10.1 20.9 14.0 3.5 2 0 4 4 4
-5232.2 3801.2 -154.4 327 0 14.7 17.9 17.5 3.5 2 1 5 1 1
-5256.5 3774.0 -154.4 44 0 16.4 14.8 17.5 3.5 2 0 5 2 2
-5277.8 3749.1 -154.1 40 0 33.9 15.2 17.5 0.0 0 0 5 0 0
-5307.2 3721.3 -150.1 45 0 18.9 15.0 17.5 3.5 2 0 5 5 5
-3183.7 11378.7 -156.3 128 0 25.8 20.8 14.0 3.5 2 0 4 1 1
3992.9 4386.8 -145.0 75 0 15.4 23.2 3.5 3.5 2 1 1 2 2
3906.5 10638.4 -141.0 190 0 29.8 39.5 10.0 0.0 0 1 4 1 1
3975.4 10624.5 -142.2 191 0 26.5 10.1 10.0 2.5 2 0 4 2 2
3852.6 10663.5 -137.7 190 0 48.9 47.1 10.0 0.0 0 0 4 0 0
-6318.9 3656.6 -140.5 24 0 78.7 36.1 17.5 0.0 0 0 5 5 5
-6506.5 3679.9 -138.4 204 0 23.5 18.2 10.0 2.5 2 0 4 1 1
-5389.1 2954.0 -124.9 108 0 13.6 13.9 17.5 3.5 2 1 5 1 1
-5980.4 3907.6 -147.6 247 0 7.4 33.7 10.5 0.0 0 1 3 4 4
-6002.2 3892.1 -147.0 247 0 7.4 33.7 10.5 3.5 2 1 3 0 0
-5948.0 3908.0 -148.3 337 0 33.7 7.4 10.5 3.5 2 0 3 0 0
-6027.8 3889.8 -146.0 265 0 6.8 33.9 10.5 3.5 2 1 3 5 5
-6049.6 3860.1 -145.2 83 0 7.4 35.2 10.5 3.5 2 1 3 2 2
-6075.3 3869.6 -144.7 83 0 7.7 34.5 10.5 3.5 2 1 3 5 5
-6070.3 3743.8 -145.4 115 0 8.8 28.4 10.5 3.5 2 1 3 4 4
-5939.4 3850.1 -148.6 64 0 14.1 12.2 17.5 3.5 2 0 5 2 2
-5987.6 3939.6 -146.9 83 0 8.3 33.9 10.5 3.5 2 1 3 2 2
-6012.4 3936.1 -146.2 82 0 8.8 35.0 10.5 3.5 2 1 3 0 0
-5298.0 3023.4 -132.7 199 0 17.0 14.0 17.5 3.5 2 0 5 5 5
-5321.5 3022.9 -130.1 18 0 13.9 13.5 17.5 3.5 2 0 5 4 4
-5305.9 3068.9 -133.6 18 0 13.9 13.5 17.5 3.5 2 0 5 2 2
-4995.3 865.7 -139.8 26 0 19.0 15.1 14.0 3.5 2 0 4 5 5
-4989.5 895.4 -140.9 296 0 15.3 19.8 14.0 3.5 2 0 4 1 1
-4979.9 915.5 -142.2 296 0 15.2 22.3 14.0 3.5 2 0 4 3 3
-5032.6 854.1 -136.3 116 0 14.7 16.8 14.0 3.5 2 0 4 4 4
-5017.0 886.2 -137.5 296 0 15.2 18.9 14.0 3.5 2 0 4 2 2
-5008.6 904.0 -138.6 296 0 15.3 19.8 14.0 3.5 2 0 4 2 2
-4998.9 924.1 -139.9 296 0 15.2 22.3 14.0 3.5 2 0 4 0 0
-5050.6 862.8 -133.6 116 0 14.7 16.8 14.0 3.5 2 0 4 5 5
-5417.3 2966.6 -117.7 108 0 13.5 13.9 17.5 3.5 2 1 5 0 0
-5034.9 894.8 -135.2 296 0 15.2 18.9 14.0 3.5 2 0 4 2 2
-5026.5 912.7 -136.5 296 0 15.3 19.8 14.0 3.5 2 0 4 1 1
-5016.8 932.8 -137.8 296 0 15.2 22.3 14.0 3.5 2 0 4 5 5
-5410.5 2987.1 -119.7 108 0 13.5 13.9 17.5 3.5 2 1 5 2 2
-5073.2 882.9 -130.7 206 0 16.8 14.9 14.0 3.5 2 0 4 1 1
-5388.6 3052.2 -125.0 288 0 13.5 13.9 17.5 3.5 4 1 5 2 2
-5054.5 904.2 -132.3 296 0 15.2 18.9 14.0 3.5 2 0 4 0 0
-5046.1 922.1 -134.0 296 0 15.3 19.8 14.0 3.5 2 0 4 4 4
-4894.3 3286.2 -151.4 19 0 13.1 30.3 17.5 3.5 2 1 5 5 5
-4885.0 492.9 -143.4 263 0 9.9 23.5 10.5 3.5 2 0 3 4 4
-4906.8 398.9 -135.7 267 0 9.2 23.6 10.5 3.5 2 0 3 0 0
-4927.8 456.4 -139.2 172 0 78.5 6.0 10.5 3.5 2 0 3 5 5
-4913.7 498.6 -143.0 263 0 28.3 9.1 10.5 3.5 2 0 3 5 5
-4968.0 831.8 -142.9 27 0 16.8 14.9 14.0 3.5 2 0 4 5 5
-4960.0 847.8 -144.0 26 0 19.0 15.1 14.0 3.5 2 0 4 3 3
-4951.6 865.2 -145.2 25 0 19.7 15.2 14.0 3.5 2 0 4 5 5
-4942.6 884.2 -146.2 26 0 22.3 15.2 14.0 3.5 2 0 4 2 2
-4985.9 840.7 -140.7 27 0 16.8 14.9 14.0 3.5 2 0 4 5 5
-4977.9 856.7 -141.9 26 0 19.0 15.1 14.0 3.5 2 0 4 5 5
-4969.5 874.1 -143.0 25 0 19.7 15.2 14.0 3.5 2 0 4 4 4
-4962.5 906.5 -144.3 296 0 15.2 22.3 14.0 3.5 2 0 4 4 4
-5003.2 849.8 -138.6 27 0 16.8 14.9 14.0 3.5 2 0 4 1 1
-5036.4 942.2 -135.4 296 0 15.2 22.3 14.0 3.5 2 0 4 3 3
-5090.0 891.4 -128.2 206 0 16.8 14.9 14.0 3.5 2 0 4 1 1
4398.6 10276.4 -156.5 285 0 17.2 58.5 12.5 2.5 2 0 5 2 2
-5071.3 912.7 -129.8 296 0 15.2 18.9 14.0 3.5 2 0 4 2 2
4406.5 10291.5 -156.0 286 0 9.1 16.6 7.5 2.5 2 0 3 1 1
4404.2 10214.3 -156.7 104 0 17.1 26.0 7.5 2.5 2 0 3 4 4
-5062.9 930.5 -131.5 296 0 15.3 19.7 14.0 3.5 2 0 4 5 5
4418.8 10271.6 -156.4 284 0 17.1 23.9 10.0 2.5 2 0 4 3 3
-5053.2 950.6 -133.4 296 0 15.2 22.3 14.0 3.5 2 0 4 1 1
4429.1 10277.3 -156.2 14 0 16.3 17.1 10.0 2.5 2 0 4 3 3
3773.6 10631.2 -144.2 191 0 17.5 44.0 10.0 2.5 2 1 4 1 1
-4937.7 867.3 -144.8 205 0 18.7 38.2 14.0 3.5 2 1 4 5 5
3833.9 10620.9 -140.3 11 0 19.8 16.9 7.5 2.5 2 0 3 5 5
3842.6 10609.0 -140.0 101 0 21.4 20.0 10.0 2.5 4 0 4 3 3
-4916.0 814.2 -142.1 25 0 22.3 26.4 14.0 3.5 2 1 4 2 2
-5150.8 880.4 -115.8 359 0 19.0 12.3 14.0 3.5 4 0 4 1 1
4261.2 10414.1 -145.7 183 0 8.6 15.6 7.5 2.5 2 0 3 3 3
-5147.1 832.7 -115.5 359 0 19.0 12.3 14.0 3.5 2 0 4 0 0
4279.2 10422.9 -145.3 87 0 29.9 14.4 10.0 2.5 2 0 4 3 3
4335.1 10417.4 -146.4 177 0 9.6 17.6 7.5 2.5 2 0 3 1 1
3965.6 10627.9 -141.8 191 0 29.8 10.1 10.0 2.5 2 0 4 3 3
4036.7 10563.0 -147.3 282 0 21.2 10.5 2.5 0.0 0 0 1 1 1
4478.2 10519.2 -149.7 349 0 15.0 31.4 12.5 2.5 2 0 5 1 1
4478.2 10519.2 -150.3 169 0 15.4 27.3 12.5 2.5 2 0 5 1 1
4482.1 10318.4 -156.2 13 0 14.6 30.4 12.5 2.5 2 0 5 4 4
4482.1 10318.4 -154.1 193 0 14.6 18.5 10.0 2.5 2 0 4 3 3
4670.4 9129.6 -125.8 256 0 6.2 11.7 10.5 3.5 4 1 3 5 5
4704.0 9101.2 -121.3 256 0 6.2 11.7 10.5 3.5 2 1 3 1 1
4710.2 9102.7 -121.3 256 0 6.2 11.7 10.5 3.5 2 1 3 5 5
4705.1 9107.2 -124.7 76 0 6.2 11.7 10.5 3.5 2 1 3 2 2
4668.2 9111.8 -125.1 256 0 6.2 11.7 10.5 3.5 2 1 3 0 0
4697.8 9136.6 -125.6 256 0 6.2 11.7 10.5 3.5 2 1 3 2 2
4708.1 9121.9 -124.7 256 0 6.2 11.7 10.5 3.5 2 1 3 1 1
4714.3 9123.5 -124.7 256 0 6.2 11.7 10.5 3.5 2 1 3 1 1
4680.9 9113.2 -124.9 256 0 6.2 11.7 10.5 3.5 2 1 3 3 3
4717.0 9102.1 -120.7 256 0 6.2 11.7 10.5 3.5 2 1 3 5 5
4710.2 9139.7 -125.5 256 0 6.2 11.7 10.5 3.5 2 1 3 4 4
4751.4 9119.5 -124.3 76 0 6.2 11.7 10.5 0.0 0 1 3 1 1
4724.2 9143.5 -125.4 256 0 6.2 11.7 10.5 3.5 2 1 3 0 0
4741.1 9141.6 -125.2 346 0 11.7 6.2 10.5 3.5 2 0 3 1 1
4734.7 9127.4 -124.4 256 0 6.2 11.7 10.5 3.5 2 1 3 0 0
4734.5 9094.4 -120.6 76 0 6.2 11.7 10.5 3.5 2 1 3 3 3
4740.8 9096.0 -120.5 76 0 6.2 11.7 10.5 3.5 2 1 3 1 1
4752.7 9101.3 -121.0 76 0 6.2 11.7 10.5 3.5 2 1 3 3 3
4766.9 9104.8 -120.9 76 0 6.2 11.7 10.5 3.5 2 1 3 5 5
4777.0 9117.3 -120.4 256 0 6.2 11.7 10.5 3.5 2 1 3 3 3
4540.9 10502.7 -149.9 262 0 36.5 16.5 10.0 2.5 2 0 4 0 0
4757.6 9121.1 -124.2 76 0 6.2 11.7 10.5 3.5 2 1 3 5 5
4560.2 10497.2 -149.9 172 0 16.5 52.6 12.5 2.5 2 0 5 4 4
4541.0 10536.3 -151.0 260 0 37.8 15.3 7.5 2.5 4 0 3 1 1
4518.6 10289.1 -152.4 194 0 16.7 12.7 10.0 2.5 2 0 4 5 5
4531.9 10289.4 -151.5 194 0 9.9 25.9 7.5 2.5 2 0 3 0 0
4557.1 10283.2 -149.7 194 0 10.0 25.5 12.5 2.5 2 0 5 4 4
4598.5 10278.1 -149.4 284 0 31.1 16.8 15.0 0.0 0 0 6 0 0
3742.1 10300.7 -141.6 195 0 25.3 37.3 14.0 0.0 0 1 4 3 3
4553.7 10293.1 -151.1 104 0 66.4 16.6 10.0 2.5 2 0 4 3 3
4650.5 10532.4 -151.4 80 0 60.0 15.4 10.0 2.5 2 0 4 0 0
4588.3 10293.2 -147.6 194 0 16.6 30.2 7.5 2.5 2 1 3 0 0
4680.5 10492.4 -148.8 80 0 22.3 36.5 12.5 0.0 0 1 5 0 0
4657.3 10495.7 -148.1 350 0 15.6 26.4 12.5 0.0 0 1 5 5 5
4729.4 10348.3 -146.2 14 0 13.6 36.6 12.5 2.5 2 1 5 0 0
4654.8 10299.6 -144.0 285 0 22.7 15.9 10.0 2.5 2 0 4 1 1
4664.0 10288.5 -143.8 194 0 14.9 31.5 10.0 0.0 0 1 4 1 1
4676.7 10330.6 -143.1 13 0 45.6 15.9 12.5 2.5 2 0 5 0 0
4654.8 10355.8 -143.6 104 0 13.9 33.3 12.5 2.5 2 1 5 2 2
4670.0 10369.5 -144.3 194 0 33.5 14.4 10.0 2.5 2 0 4 1 1
4064.5 10811.3 -132.4 117 0 5.4 12.3 10.5 3.5 2 1 3 5 5
4157.7 10725.8 -132.2 205 0 12.3 5.4 10.5 0.0 0 0 3 4 4
4074.3 10806.3 -132.0 117 0 5.4 12.3 10.5 3.5 2 1 3 0 0
4141.2 10733.4 -133.1 205 0 12.3 5.4 10.5 3.5 2 0 3 0 0
4136.0 10735.9 -133.4 205 0 12.3 5.4 10.5 0.0 0 0 3 0 0
4116.0 10628.1 -147.6 24 0 12.3 5.4 10.5 3.5 2 0 3 4 4
4130.3 10780.2 -129.1 115 0 5.4 12.3 10.5 3.5 2 1 3 5 5
4100.8 10628.1 -146.1 114 0 5.4 12.3 10.5 3.5 2 1 3 2 2
4132.4 10614.2 -149.9 114 0 5.4 12.3 10.5 3.5 2 1 3 5 5
4150.4 10770.9 -128.1 115 0 5.4 12.3 10.5 3.5 2 1 3 0 0
4122.2 10625.4 -148.8 204 0 12.3 5.4 10.5 3.5 2 0 3 1 1
4101.8 10644.4 -144.4 114 0 5.4 12.3 10.5 3.5 2 1 3 1 1
4111.9 10646.7 -144.1 24 0 12.3 5.4 10.5 0.0 0 0 3 3 3
4138.5 10635.0 -148.1 204 0 12.3 5.4 10.5 3.5 2 0 3 4 4
4110.1 10669.8 -141.9 204 0 12.3 5.4 10.5 3.5 2 0 3 3 3
4115.2 10660.8 -141.6 114 0 5.4 12.3 10.5 3.5 2 1 3 1 1
4120.3 10658.6 -141.3 114 0 5.4 12.3 10.5 3.5 2 1 3 2 2
4125.3 10656.3 -142.2 114 0 5.4 12.3 10.5 3.5 4 1 3 2 2
4136.5 10651.4 -144.1 114 0 5.4 12.3 10.5 3.5 2 1 3 3 3
4141.6 10649.2 -144.9 114 0 5.4 12.3 10.5 3.5 2 1 3 1 1
4151.8 10644.7 -146.3 114 0 5.4 12.3 10.5 3.5 2 1 3 1 1
4116.1 10683.5 -140.0 204 0 12.3 5.4 10.5 3.5 2 0 3 0 0
4147.6 10662.9 -142.5 114 0 5.4 12.3 10.5 3.5 2 1 3 4 4
4152.7 10660.7 -143.4 114 0 5.4 12.3 10.5 3.5 2 1 3 5 5
4139.6 10695.5 -136.7 204 0 12.3 5.4 10.5 3.5 2 0 3 2 2
4150.8 10683.9 -138.5 114 0 5.4 12.3 10.5 3.5 4 1 3 5 5
4155.9 10681.6 -139.3 114 0 5.4 12.3 10.5 3.5 2 1 3 4 4
4149.7 10748.5 -130.9 205 0 12.3 5.4 10.5 3.5 2 0 3 0 0
4160.9 10679.4 -140.2 114 0 5.4 12.3 10.5 3.5 2 1 3 0 0
4159.5 10703.7 -136.4 205 0 12.3 5.4 10.5 3.5 2 0 3 0 0
4144.4 10751.0 -131.2 205 0 12.3 5.4 10.5 3.5 2 0 3 0 0
4166.8 10693.5 -137.7 115 0 5.4 12.3 10.5 3.5 2 1 3 4 4
4159.7 10743.9 -130.4 205 0 12.3 5.4 10.5 3.5 2 0 3 2 2
4136.2 10714.5 -135.3 205 0 12.3 5.4 10.5 3.5 2 0 3 0 0
4170.0 10745.9 -130.1 295 0 5.4 12.3 10.5 0.0 0 1 3 4 4
4185.2 10739.1 -131.6 295 0 5.4 12.3 10.5 3.5 2 1 3 3 3
4177.9 10723.1 -134.4 295 0 5.4 12.3 10.5 3.5 2 1 3 1 1
4722.3 9865.9 -131.3 15 0 41.2 26.8 14.0 0.0 0 0 4 0 0
4155.8 10602.6 -152.8 114 0 12.2 5.5 10.5 3.5 2 0 3 1 1
4168.3 10615.9 -151.3 24 0 5.5 12.2 10.5 0.0 0 1 3 0 0
4177.7 10633.8 -149.3 111 0 12.2 5.5 10.5 3.5 2 0 3 1 1
4170.6 10621.1 -150.7 24 0 5.5 12.2 10.5 3.5 2 1 3 3 3
4726.6 9980.2 -146.6 285 0 51.2 28.0 14.0 0.0 0 0 4 3 3
4179.7 10639.1 -148.6 111 0 12.2 5.5 10.5 3.5 2 0 3 1 1
4181.7 10644.4 -147.9 111 0 12.2 5.5 10.5 3.5 2 0 3 2 2
4207.9 10667.2 -145.4 29 0 5.5 12.2 10.5 3.5 4 1 3 5 5
4213.6 10678.6 -144.0 18 0 5.5 12.2 10.5 3.5 2 1 3 2 2
4215.4 10684.1 -143.3 18 0 5.5 12.2 10.5 3.5 2 1 3 1 1
4217.1 10689.5 -142.5 17 0 5.5 12.2 10.5 3.5 2 1 3 5 5
4218.8 10694.9 -141.5 17 0 5.5 12.2 10.5 3.5 2 1 3 3 3
4222.6 10707.4 -139.2 18 0 5.5 12.2 10.5 3.5 2 1 3 5 5
4193.1 10604.0 -152.5 24 0 5.5 12.2 10.5 3.5 4 1 3 5 5
4201.9 10608.1 -152.0 113 0 12.2 5.5 10.5 0.0 0 0 3 0 0
4204.2 10613.3 -151.6 113 0 12.2 5.5 10.5 3.5 2 0 3 3 3
4213.1 10618.7 -151.1 23 0 5.5 12.2 10.5 3.5 2 1 3 1 1
4216.1 10639.7 -149.4 24 0 5.5 12.2 10.5 0.0 0 1 3 0 0
2528.2 11337.7 -149.0 202 0 15.4 5.2 10.5 3.5 2 0 3 1 1
5371.0 10695.7 -138.9 344 0 52.0 24.0 12.5 2.5 2 0 5 0 0
2677.0 11485.8 -150.1 331 0 9.0 4.0 10.5 3.5 2 0 3 2 2
5345.6 10757.3 -149.1 74 0 24.9 60.0 10.0 2.5 2 1 4 2 2
5375.4 10680.6 -141.3 164 0 20.8 44.6 12.5 2.5 2 0 5 0 0
2596.0 11504.1 -149.7 81 0 8.5 6.9 10.5 3.5 4 0 3 4 4
5375.5 10729.1 -140.6 74 0 75.8 25.1 17.5 0.0 0 0 7 2 2
5379.4 10801.3 -146.5 74 0 57.3 26.8 10.0 2.5 2 0 4 0 0
2569.9 11536.1 -150.4 180 0 6.8 9.1 10.5 3.5 2 1 3 2 2
5445.6 10737.2 -142.4 344 0 69.9 25.5 12.5 0.0 0 0 5 0 0
5440.4 10782.5 -138.3 75 0 36.8 47.5 12.5 0.0 0 1 5 0 0
5472.4 10743.3 -147.6 254 0 34.1 48.1 12.5 0.0 0 1 5 4 4
2631.2 11761.4 -146.4 150 0 12.7 6.1 10.5 3.5 2 0 3 1 1
5560.2 9284.4 -144.2 64 0 10.8 16.3 14.0 3.5 4 1 4 1 1
5566.1 9303.1 -145.0 64 0 10.8 16.3 14.0 3.5 4 1 4 3 3
5540.3 9324.4 -146.3 244 0 10.8 16.3 14.0 3.5 2 1 4 4 4
5511.1 9338.3 -147.5 305 0 15.1 17.5 14.0 0.0 0 1 4 2 2
5503.1 9295.4 -146.9 64 0 14.6 25.0 14.0 0.0 0 1 4 4 4
3454.5 11092.1 -144.2 89 0 9.2 10.1 10.5 3.5 2 1 3 1 1
3471.8 11012.7 -143.5 90 0 8.5 4.3 10.5 3.5 2 0 3 5 5
-1382.8 12862.0 -157.3 64 0 10.4 67.8 24.5 3.5 2 1 7 3 3
-1390.7 12820.7 -154.0 64 0 19.6 29.9 10.5 3.5 2 1 3 1 1
-1402.7 12802.7 -153.6 64 0 67.6 10.3 24.5 3.5 2 0 7 5 5
-1425.6 12802.8 -155.4 64 0 26.6 9.0 10.5 0.0 0 0 3 5 5
3219.4 10865.0 -151.9 270 0 17.5 12.4 14.0 3.5 2 0 4 2 2
3266.6 10936.7 -150.8 90 0 9.1 5.8 10.5 3.5 2 0 3 4 4
3379.0 11105.0 -141.4 360 0 16.4 10.7 17.5 3.5 2 0 5 2 2
-5171.6 172.8 -48.8 275 0 12.5 26.8 14.0 3.5 2 1 4 2 2
2535.2 -8359.5 -144.2 201 0 9.1 14.4 7.5 0.0 0 1 3 0 0
2523.5 -8416.4 -145.3 45 0 19.4 8.2 5.0 2.5 2 0 2 2 2
2545.4 -8399.1 -145.6 110 0 7.2 28.3 7.5 2.5 2 1 3 3 3
2621.3 -8338.4 -145.9 19 0 10.5 29.5 7.5 0.0 0 1 3 5 5
3396.2 10210.8 -150.8 167 0 12.8 17.8 17.5 0.0 0 1 5 2 2
3339.0 10145.8 -147.8 130 1 11.0 16.8 17.5 3.5 4 1 5 2 2
3410.4 10183.3 -149.1 169 0 6.9 13.0 10.5 3.5 2 0 3 5 5
3411.2 10152.2 -147.6 191 0 6.9 13.0 10.5 3.5 2 0 3 0 0
3400.2 10122.9 -147.7 215 0 6.9 13.1 10.5 3.5 2 0 3 0 0
-5967.4 3960.3 -147.5 349 0 32.6 11.2 17.5 3.5 2 0 5 1 1
2966.2 11094.4 -145.9 94 0 44.3 32.2 17.5 0.0 0 0 5 5 5
2329.5 11040.2 -154.0 228 0 13.4 8.2 10.5 0.0 0 0 3 1 1
2353.7 11017.7 -153.5 57 0 9.0 6.9 10.5 3.5 2 0 3 2 2
2357.7 11041.6 -153.4 324 0 8.0 9.5 10.5 3.5 2 1 3 1 1
2931.4 11105.0 -147.1 93 0 27.2 23.8 17.5 0.0 0 0 5 3 3
-6038.8 4014.0 -145.9 85 0 50.4 39.4 14.0 0.0 0 0 4 3 3
-6460.7 3589.1 -137.2 114 0 33.6 41.3 17.5 0.0 0 1 5 5 5
5505.9 9162.4 -141.5 122 0 6.2 16.3 10.5 3.5 2 1 3 3 3
5519.6 9252.6 -143.4 270 0 6.1 12.4 10.5 3.5 2 1 3 0 0
5525.0 9207.3 -141.1 180 0 22.5 19.6 14.0 0.0 0 0 4 0 0
5534.2 9247.8 -142.7 269 0 18.1 21.5 14.0 3.5 2 1 4 4 4
5550.2 9251.4 -141.9 270 0 7.4 36.3 10.5 3.5 2 1 3 3 3
4272.4 10618.7 -150.2 112 0 5.4 12.3 10.5 3.5 2 1 3 5 5
4282.3 10621.3 -150.3 22 0 12.3 5.4 10.5 3.5 4 0 3 2 2
3124.6 9670.0 -143.7 215 0 16.0 9.0 7.5 2.5 4 0 3 1 1
3136.0 9686.3 -143.4 215 0 16.0 9.0 7.5 2.5 2 0 3 0 0
4275.6 10641.3 -149.0 22 0 12.3 5.4 10.5 3.5 2 0 3 2 2
4240.5 10728.5 -137.6 196 0 12.3 5.4 10.5 3.5 2 0 3 1 1
4245.3 10752.0 -131.6 106 0 5.4 12.3 10.5 3.5 2 1 3 1 1
4258.8 10645.3 -149.0 202 0 10.4 8.1 10.5 3.5 2 0 3 3 3
4237.7 10571.8 -154.1 106 0 5.4 12.3 10.5 3.5 2 1 3 2 2
4248.5 10568.6 -154.2 106 0 5.4 12.3 10.5 3.5 2 1 3 2 2
4264.3 10564.2 -154.4 106 0 5.4 12.3 10.5 0.0 0 1 3 3 3
4260.8 10599.5 -152.7 286 0 5.5 12.3 10.5 0.0 0 1 3 3 3
4266.1 10598.0 -152.8 286 0 5.4 12.3 10.5 3.5 2 1 3 3 3
2014.8 11005.5 -154.8 298 0 8.8 9.2 5.0 2.5 2 1 2 5 5
6279.6 10940.6 -136.7 148 0 15.0 25.7 14.0 0.0 0 1 4 3 3
6739.9 11715.5 -139.3 214 0 12.8 27.3 14.0 0.0 0 1 4 4 4
6728.6 11729.5 -139.5 260 0 15.4 26.6 14.0 0.0 0 1 4 5 5
6671.9 11671.3 -146.6 183 0 14.3 23.5 14.0 0.0 0 0 4 2 2
6713.4 11835.2 -126.8 195 0 17.1 15.4 14.0 0.0 0 0 4 1 1
6728.3 11860.9 -128.3 226 0 17.1 15.5 14.0 0.0 0 0 4 5 5
6767.7 11871.2 -131.7 345 0 10.9 24.6 14.0 0.0 0 1 4 1 1
6713.1 11797.2 -121.3 169 0 17.1 15.4 14.0 0.0 0 0 4 3 3
6272.5 10910.4 -136.6 147 0 15.4 28.9 14.0 0.0 0 1 4 3 3
6307.3 10972.4 -139.1 238 0 14.1 29.3 14.0 0.0 0 1 4 4 4
-1794.3 12357.6 -159.3 346 0 25.3 44.0 14.0 0.0 0 1 4 3 3
-1933.6 12240.9 -159.2 58 0 62.1 26.3 14.0 0.0 0 0 4 4 4
2434.5 10265.6 -147.0 138 0 7.0 9.6 10.5 3.5 2 1 3 4 4
2757.6 11411.7 -134.2 150 0 26.3 12.8 14.0 3.5 2 0 4 3 3
-6468.8 3935.1 -136.7 84 0 12.8 36.4 17.5 0.0 0 1 5 4 4
-6328.8 3580.0 -135.9 287 0 75.4 65.7 17.5 0.0 0 0 5 4 4
-6376.0 3498.4 -132.7 106 0 79.6 15.2 17.5 3.5 2 0 5 1 1
-6629.9 3898.2 -137.4 221 0 26.1 61.4 14.0 0.0 0 1 4 3 3
-6625.0 3824.7 -138.0 131 0 18.9 21.7 14.0 3.5 2 1 4 0 0
-5998.6 3648.1 -151.3 296 0 25.6 75.0 12.5 0.0 0 1 5 4 4
-6159.2 497.1 -99.1 33 0 34.7 19.5 12.5 0.0 0 0 5 5 5
2525.1 11154.4 -149.0 360 0 14.0 15.2 14.0 3.5 2 1 4 3 3
486.9 12604.9 -149.8 197 1 11.7 20.2 14.0 3.5 2 0 4 4 4
498.8 12615.6 -151.4 234 1 11.6 18.7 14.0 3.5 2 0 4 4 4
508.0 12622.2 -153.0 234 1 11.8 17.6 14.0 3.5 2 0 4 5 5
527.2 12625.6 -154.6 324 1 17.0 11.4 14.0 3.5 2 0 4 5 5
2550.0 11490.7 -145.9 57 0 11.7 6.0 10.5 3.5 2 0 3 1 1
2543.3 9990.8 -148.3 325 0 8.5 7.7 10.5 3.5 4 0 3 5 5
2419.9 9906.3 -144.8 37 0 7.6 8.5 10.5 3.5 2 1 3 0 0
2485.5 9975.0 -147.7 222 0 7.1 9.2 10.5 3.5 2 1 3 1 1
2482.7 9932.7 -145.8 319 0 7.6 8.6 10.5 3.5 2 1 3 2 2
2519.0 9976.4 -148.0 45 0 6.1 10.6 10.5 3.5 4 1 3 0 0
2486.3 10001.1 -148.6 181 0 8.4 7.6 10.5 3.5 2 0 3 1 1
2550.3 10007.5 -149.2 15 0 8.4 7.6 10.5 3.5 4 0 3 0 0
2510.0 9947.3 -146.7 61 0 7.3 9.2 10.5 3.5 2 1 3 2 2
2488.8 9988.1 -148.3 222 0 6.1 10.7 10.5 3.5 2 1 3 4 4
2483.8 9952.8 -147.0 133 0 7.6 8.5 10.5 0.0 0 1 3 3 3
2427.6 9889.7 -144.1 164 0 10.7 6.1 10.5 3.5 2 0 3 1 1
5377.3 4788.4 -152.0 258 0 7.6 8.5 10.5 3.5 2 1 3 0 0
-5922.4 5083.7 -149.3 296 0 38.5 27.1 17.5 3.5 2 0 5 0 0
2540.5 9969.9 -147.6 45 0 6.1 10.7 10.5 3.5 2 1 3 2 2
2513.0 10013.4 -149.3 267 0 7.6 8.5 10.5 0.0 0 1 3 2 2
2418.5 10221.5 -145.8 308 0 7.6 5.5 10.5 3.5 2 0 3 1 1
-6917.8 5100.2 -156.4 268 0 29.3 45.4 17.5 0.0 0 1 5 2 2
2422.0 10320.4 -145.8 337 0 8.5 7.5 10.5 3.5 2 0 3 3 3
2457.6 10294.6 -147.6 56 0 8.5 7.6 10.5 3.5 2 0 3 1 1
2441.1 10311.9 -146.9 256 0 8.5 7.7 10.5 3.5 2 0 3 4 4
2453.9 10313.5 -147.5 256 0 10.7 6.1 10.5 3.5 2 0 3 3 3
-5927.4 5179.9 -152.3 225 0 30.6 14.2 17.5 3.5 2 0 5 1 1
-5106.0 3739.1 -154.3 117 0 28.4 46.5 17.5 0.0 0 0 5 1 1
-5277.7 4082.7 -154.2 14 0 33.3 30.9 14.0 0.0 0 0 4 1 1
-5209.4 4129.7 -154.6 14 0 33.3 30.9 14.0 0.0 0 0 4 0 0
-5366.6 4022.8 -154.3 104 0 30.9 33.3 14.0 0.0 0 1 4 5 5
-5446.1 4107.1 -152.7 162 0 33.3 30.9 14.0 0.0 0 0 4 1 1
2402.5 9855.8 -142.5 169 0 7.5 8.6 10.5 3.5 2 1 3 0 0
2460.4 9874.9 -143.2 0 0 7.5 8.5 10.5 3.5 2 1 3 5 5
722.2 12319.1 -150.5 334 0 6.7 10.0 10.5 0.0 0 1 3 5 5
