2196.7 -5130.9 -32.2 179 0 109.8 233.7 14.0 0.0 0 1 4 3 3
6915.4 -5000.1 -66.8 333 0 145.1 310.3 10.5 0.0 0 1 3 1 1
3609.7 11931.0 17.0 250 0 113.9 84.8 12.5 0.0 0 0 5 4 4
6349.1 -4681.6 -59.2 334 0 72.5 296.5 10.5 0.0 0 1 3 3 3
6117.2 -4912.8 -59.2 154 0 74.7 145.1 14.0 0.0 0 1 4 3 3
6395.8 -4772.9 -55.3 333 0 74.7 151.6 14.0 0.0 0 1 4 4 4
6584.6 -4757.9 -60.4 63 0 162.5 285.2 10.5 0.0 0 1 3 0 0
4961.3 -5492.2 -54.1 243 0 48.5 89.0 14.0 0.0 0 1 4 4 4
6182.8 5552.7 -6.9 152 0 118.9 36.8 10.0 0.0 0 0 4 3 3
6214.2 5637.8 -8.6 242 0 37.6 118.2 12.5 0.0 0 0 5 5 5
5614.6 5854.6 -3.8 139 0 35.7 88.8 17.5 0.0 0 1 5 2 2
5648.5 5567.1 -10.9 140 0 118.0 139.3 17.5 0.0 0 1 5 5 5
5838.3 5805.5 -10.8 230 0 140.0 118.0 17.5 0.0 0 0 5 0 0
6356.3 5579.4 -12.4 61 0 35.0 119.4 12.5 0.0 0 1 5 3 3
6307.1 5553.5 -10.1 62 0 46.7 118.2 12.5 0.0 0 0 5 2 2
5668.8 -1639.7 -17.6 297 0 17.4 88.6 10.5 3.5 2 1 3 0 0
6192.0 -4638.5 -52.3 238 0 79.3 25.8 10.5 0.0 0 0 3 5 5
6265.9 -4634.9 -55.7 58 0 39.8 35.2 10.5 0.0 0 0 3 1 1
4.8 -9428.9 -54.5 275 0 60.2 92.9 14.0 0.0 0 1 4 4 4
22.6 -9582.0 -58.9 5 0 92.6 50.1 14.0 0.0 0 0 4 0 0
-189.1 -9626.9 -64.2 185 0 124.2 117.4 14.0 0.0 0 0 4 0 0
-19.8 -9731.4 -63.9 95 0 60.4 93.2 14.0 0.0 0 1 4 3 3
-1673.0 -9305.0 -62.4 275 0 167.8 120.2 14.0 0.0 0 0 4 2 2
-1573.3 -9569.9 -60.2 95 0 47.1 120.3 14.0 0.0 0 1 4 5 5
-1768.6 -9457.8 -60.3 185 0 47.9 167.0 14.0 0.0 0 1 4 0 0
-1377.4 -9393.1 -61.4 5 0 128.1 143.8 14.0 0.0 0 1 4 4 4
332.7 -8315.7 -55.0 179 0 288.4 76.5 10.5 0.0 0 0 3 0 0
-1789.4 -7915.5 -54.0 179 0 172.8 68.4 14.0 0.0 0 0 4 0 0
279.9 -8215.6 -51.4 359 0 132.7 85.7 14.0 0.0 0 0 4 3 3
-1781.0 -8104.1 -55.4 179 0 130.9 63.7 14.0 0.0 0 0 4 0 0
-2706.5 -7291.0 -40.9 179 0 22.6 37.0 10.0 0.0 0 0 4 2 2
-2821.8 -6771.3 -51.1 179 0 108.6 57.7 10.0 0.0 0 0 4 3 3
-2677.1 -7388.2 -47.2 89 0 36.6 79.2 12.5 0.0 0 0 5 1 1
-2582.6 -6866.6 -47.3 359 0 273.7 154.4 10.0 0.0 0 0 4 1 1
-4860.3 10685.5 4.7 352 0 160.2 70.4 10.5 0.0 0 0 3 5 5
-840.8 7744.9 9.3 89 0 114.4 136.5 10.5 0.0 0 1 3 5 5
-653.3 7898.0 7.6 278 0 127.4 82.7 10.5 0.0 0 0 3 5 5
-677.6 7735.0 7.6 98 0 127.6 73.3 10.5 0.0 0 0 3 3 3
-550.9 9127.9 18.7 246 0 64.4 160.9 14.0 0.0 0 1 4 2 2
-624.8 8893.0 22.0 64 0 30.5 78.6 14.0 0.0 0 1 4 3 3
-693.9 9026.5 25.0 156 0 36.7 125.8 14.0 0.0 0 1 4 3 3
-559.1 8931.8 20.6 65 0 86.6 72.5 14.0 0.0 0 0 4 3 3
3060.0 12232.6 3.5 44 0 35.9 60.1 14.0 0.0 0 1 4 3 3
3063.9 12199.2 6.7 224 0 103.1 45.2 14.0 0.0 0 0 4 0 0
3036.9 12185.5 4.0 44 0 45.4 94.9 14.0 0.0 0 1 4 5 5
4677.8 3968.2 -13.4 178 0 111.3 43.0 14.0 0.0 0 0 4 5 5
4741.1 3996.5 -14.7 179 0 57.3 147.6 10.5 0.0 0 1 3 4 4
4996.7 4035.1 -14.8 89 0 70.2 99.0 10.5 0.0 0 1 3 1 1
5135.8 3997.9 -16.0 180 0 105.8 32.0 14.0 0.0 0 0 4 5 5
4994.7 4145.9 -11.2 89 0 70.8 100.5 14.0 0.0 0 1 4 2 2
5220.8 3998.5 -14.4 360 0 105.9 32.1 10.5 0.0 0 0 3 0 0
4694.9 4157.8 -6.0 269 0 41.7 112.9 14.0 0.0 0 1 4 1 1
4997.0 4024.2 -17.2 269 0 70.1 100.4 14.0 0.0 0 1 4 4 4
5152.0 4201.3 -15.4 270 0 32.0 105.9 14.0 0.0 0 1 4 3 3
5203.8 4200.8 -14.9 270 0 32.1 106.0 10.5 0.0 0 1 3 4 4
4942.4 4147.0 -8.4 359 0 52.3 207.5 14.0 0.0 0 1 4 1 1
4945.2 3974.0 -16.2 359 0 110.5 39.8 10.5 0.0 0 0 3 5 5
4840.0 4046.8 -10.7 89 0 198.4 50.7 14.0 0.0 0 0 4 1 1
-13.2 11034.7 33.2 251 0 48.7 126.1 14.0 0.0 0 0 4 0 0
4150.8 -4562.3 -29.2 101 0 43.9 18.8 10.0 0.0 0 0 4 0 0
4171.3 -4411.0 -23.9 53 0 17.1 28.3 12.5 2.5 2 1 5 2 2
4038.4 -4638.3 -24.7 28 0 39.2 20.2 12.5 0.0 0 0 5 3 3
4259.6 -4246.0 -30.3 294 0 21.6 101.2 15.0 0.0 0 1 6 5 5
1764.9 -6420.1 -49.3 53 0 32.5 25.9 10.5 0.0 0 0 3 5 5
-6820.3 -1773.2 -46.4 270 0 72.5 189.2 14.0 0.0 0 1 4 4 4
1570.9 1054.5 -7.5 331 0 179.2 83.4 14.0 0.0 0 0 4 3 3
-2018.2 -1001.6 -5.4 353 0 44.2 32.0 12.5 0.0 0 0 5 4 4
1829.8 2062.2 -6.5 187 0 144.8 84.9 14.0 0.0 0 0 4 3 3
-6367.0 4864.4 -26.5 241 0 32.1 183.4 17.5 0.0 0 1 5 1 1
-6493.6 4881.5 -30.1 151 0 8.9 58.4 10.5 3.5 2 0 3 1 1
-6450.5 4977.5 -32.7 61 0 47.4 44.4 14.0 0.0 0 0 4 3 3
-966.5 9307.1 29.8 243 0 22.3 54.2 14.0 3.5 2 1 4 2 2
-1000.9 9289.9 28.7 243 0 22.0 53.9 14.0 0.0 0 1 4 1 1
-937.7 9168.3 16.3 153 0 130.0 35.3 14.0 0.0 0 0 4 2 2
-4967.0 6446.6 -27.4 229 0 49.8 100.7 10.5 0.0 0 1 3 1 1
-4837.8 6497.3 -25.2 319 0 89.8 55.6 10.5 0.0 0 0 3 5 5
-4923.1 6482.4 -26.3 229 0 37.5 98.7 10.5 0.0 0 0 3 0 0
-5017.0 6337.9 -27.2 140 0 100.9 71.9 10.5 0.0 0 0 3 0 0
-4710.1 6321.9 -28.2 49 0 35.0 146.4 10.5 0.0 0 1 3 5 5
-4926.2 6242.0 -29.0 140 0 36.7 187.5 10.5 0.0 0 1 3 3 3
-4957.5 6281.2 -27.9 140 0 37.1 187.9 10.5 0.0 0 1 3 4 4
-4532.9 4392.4 -29.4 83 0 59.3 164.4 14.0 0.0 0 1 4 0 0
-64.8 9325.8 28.7 351 0 56.0 16.2 12.5 2.5 2 0 5 1 1
-6429.2 5936.2 -34.5 229 0 97.6 83.3 17.5 0.0 0 0 5 1 1
-5496.3 -2832.7 -45.8 254 0 19.6 97.8 10.0 0.0 0 1 4 0 0
-5361.6 -3047.5 -48.1 254 0 18.9 97.5 10.0 0.0 0 1 4 0 0
-4859.8 -10745.8 -59.1 317 0 9.5 34.0 10.5 0.0 0 1 3 4 4
4223.0 -5879.9 -57.0 63 0 141.8 32.6 14.0 0.0 0 0 4 0 0
2556.5 -6567.8 -50.3 161 0 63.8 123.9 10.5 0.0 0 1 3 3 3
1674.9 -7681.7 -55.1 169 0 17.2 21.3 14.0 3.5 2 1 4 4 4
1869.8 -8838.4 -63.5 154 0 91.5 212.9 14.0 0.0 0 1 4 5 5
520.4 10588.5 36.0 246 0 11.4 12.6 17.5 3.5 2 1 5 5 5
1299.0 9902.1 28.2 82 0 31.4 49.6 14.0 0.0 0 1 4 0 0
571.2 10594.1 35.2 246 0 10.2 12.6 17.5 3.5 2 1 5 1 1
984.0 10231.6 27.1 148 0 11.3 30.3 17.5 3.5 2 0 5 5 5
916.8 11675.2 23.5 69 0 25.5 103.7 17.5 0.0 0 1 5 0 0
1397.0 9895.9 24.5 259 0 31.0 60.7 14.0 0.0 0 1 4 3 3
407.9 10177.2 37.7 60 0 22.5 96.1 17.5 0.0 0 1 5 3 3
1212.0 10000.5 29.4 260 0 11.6 50.1 14.0 3.5 2 1 4 1 1
1047.1 9919.2 37.1 82 0 36.2 14.4 17.5 3.5 2 0 5 4 4
1016.9 10216.7 28.6 151 0 11.4 10.5 17.5 3.5 4 0 5 1 1
505.7 10582.0 36.4 246 0 11.4 12.6 17.5 0.0 0 1 5 0 0
1041.3 10172.5 30.8 151 0 11.4 10.5 17.5 3.5 2 0 5 1 1
1185.1 10393.4 24.0 45 0 39.0 11.1 14.0 3.5 2 0 4 4 4
456.5 10519.5 37.9 65 0 19.5 49.6 17.5 3.5 2 1 5 2 2
535.0 10595.1 35.5 246 0 11.4 12.6 17.5 3.5 2 1 5 1 1
1090.5 11662.5 16.8 159 0 76.7 21.0 17.5 0.0 0 0 5 5 5
1129.0 10059.2 37.3 352 0 10.8 9.9 10.5 3.5 2 0 3 4 4
1012.5 10329.4 23.9 137 0 10.5 82.5 14.0 3.5 4 1 4 2 2
630.8 10314.2 34.6 330 0 21.9 42.0 17.5 0.0 0 1 5 4 4
1085.0 10141.5 33.4 331 0 11.4 23.4 17.5 3.5 2 1 5 4 4
1228.1 10022.5 42.0 86 0 22.7 10.2 14.0 3.5 2 0 4 5 5
531.9 10562.7 36.7 66 0 11.4 12.6 17.5 3.5 2 1 5 2 2
620.6 10534.8 35.1 336 0 11.7 10.2 14.0 3.5 2 0 4 1 1
534.6 10325.6 38.9 240 0 19.5 58.6 17.5 3.5 2 1 5 2 2
817.6 10133.0 30.8 317 0 8.1 34.2 10.5 3.5 2 1 3 1 1
1437.4 9954.1 48.9 352 0 10.5 37.4 14.0 3.5 2 1 4 5 5
1032.7 10188.1 30.2 151 0 11.4 10.5 17.5 3.5 2 0 5 4 4
1124.9 10210.3 27.8 150 0 27.0 49.4 14.0 0.0 0 1 4 1 1
626.7 10521.0 34.7 336 0 12.3 10.2 14.0 3.5 2 0 4 3 3
761.5 10276.2 28.2 330 0 11.1 10.2 17.5 0.0 0 0 5 2 2
1388.0 9817.7 24.3 172 0 16.6 40.4 14.0 0.0 0 1 4 2 2
1081.9 9924.1 34.5 82 0 26.9 63.2 17.5 0.0 0 1 5 0 0
1069.1 10170.5 31.5 331 0 11.4 10.5 17.5 3.5 2 0 5 4 4
854.3 10159.1 29.1 227 0 42.6 10.8 17.5 3.5 2 0 5 4 4
1188.7 10430.7 24.5 315 0 8.4 100.8 10.5 0.0 0 1 3 5 5
549.3 10524.4 39.5 246 0 12.3 10.8 14.0 3.5 2 0 4 1 1
994.3 9921.6 39.9 308 0 13.5 49.8 17.5 3.5 2 1 5 5 5
1234.5 9821.6 14.8 171 0 24.5 46.2 14.0 0.0 0 1 4 5 5
590.6 10339.1 37.4 330 0 13.5 19.5 17.5 3.5 2 1 5 3 3
988.2 10259.1 26.2 148 0 14.9 29.0 17.5 3.5 2 0 5 4 4
1033.4 11681.5 16.8 249 0 21.0 76.7 17.5 0.0 0 1 5 3 3
1195.0 10060.4 37.7 150 0 16.5 39.8 14.0 3.5 2 1 4 0 0
1140.6 11722.9 16.6 249 0 21.0 76.7 17.5 0.0 0 1 5 2 2
1166.8 10452.7 22.8 315 0 27.9 102.0 14.0 0.0 0 1 4 5 5
425.3 10504.9 39.0 65 0 19.5 49.6 17.5 3.5 2 1 5 5 5
717.2 10268.6 28.7 150 0 12.0 10.5 17.5 3.5 2 0 5 3 3
524.1 10542.1 38.4 66 0 10.2 12.6 17.5 3.5 2 1 5 4 4
1097.9 10006.5 40.1 352 0 10.8 9.9 10.5 3.5 2 0 3 2 2
815.5 10121.4 31.3 227 0 26.1 8.9 10.5 3.5 2 0 3 5 5
1166.3 10078.4 35.9 150 0 28.5 31.4 14.0 0.0 0 1 4 3 3
582.7 10568.3 36.6 66 0 10.2 12.6 17.5 3.5 2 1 5 3 3
1142.8 10028.8 38.8 352 0 10.8 9.9 10.5 3.5 2 0 3 1 1
638.8 10493.8 34.0 336 0 10.5 10.2 14.0 3.5 2 0 4 2 2
1071.8 9900.9 22.2 262 0 31.4 50.0 17.5 0.0 0 1 5 3 3
1114.8 11713.0 16.7 249 0 13.5 76.7 17.5 3.5 2 1 5 1 1
1273.6 9897.0 25.7 82 0 8.0 49.6 10.5 3.5 2 1 3 4 4
464.4 10221.1 43.7 60 0 12.0 27.1 17.5 3.5 2 1 5 3 3
451.4 10217.1 43.7 60 0 9.1 19.2 10.5 3.5 2 1 3 1 1
568.0 10561.8 37.1 66 0 10.2 12.6 17.5 3.5 2 1 5 1 1
767.3 10255.6 28.0 60 0 10.2 11.5 17.5 3.5 2 1 5 2 2
1325.9 9995.4 47.3 237 0 21.0 21.0 14.0 3.5 2 1 4 5 5
1132.9 10076.8 36.4 352 0 12.1 15.5 17.5 3.5 2 1 5 1 1
1013.1 10177.1 30.2 151 0 11.4 20.1 17.5 0.0 0 1 5 3 3
1234.9 9892.8 21.3 80 0 11.6 50.1 14.0 3.5 2 1 4 0 0
1096.6 10261.2 25.3 150 0 54.1 29.2 14.0 0.0 0 0 4 4 4
593.1 10597.0 34.7 336 0 12.6 10.2 17.5 3.5 2 0 5 3 3
549.7 10601.6 35.0 246 0 11.4 12.6 17.5 0.0 0 1 5 3 3
1026.8 9902.5 37.0 352 0 9.9 3.6 10.5 3.5 2 0 3 4 4
435.1 10193.0 40.1 60 0 19.5 103.7 17.5 0.0 0 1 5 4 4
1130.0 10027.0 39.0 352 0 10.8 9.9 10.5 3.5 2 0 3 1 1
1355.8 9891.9 22.4 259 0 32.5 61.2 14.0 0.0 0 1 4 3 3
538.2 10548.4 38.0 66 0 11.4 12.6 17.5 3.5 2 1 5 1 1
1073.0 9997.6 40.3 82 0 24.8 10.8 17.5 3.5 2 0 5 2 2
1077.6 10155.0 32.6 331 0 11.4 19.5 17.5 3.5 2 1 5 1 1
980.3 11661.0 17.4 249 0 21.0 76.7 17.5 0.0 0 1 5 2 2
1034.1 10287.1 26.1 329 0 14.9 24.7 17.5 3.5 2 0 5 5 5
1422.1 9928.4 41.1 82 0 37.4 10.5 14.0 0.0 0 0 4 0 0
632.9 10507.0 34.3 336 0 12.3 10.2 14.0 3.5 2 0 4 3 3
1120.8 9929.6 31.4 82 0 24.2 60.2 17.5 3.5 2 1 5 2 2
340.9 10492.7 41.1 155 0 49.6 19.5 17.5 3.5 2 0 5 0 0
1050.7 10286.9 24.9 150 0 38.8 17.7 14.0 3.5 4 0 4 4 4
1021.6 10161.6 31.1 151 0 11.4 20.1 17.5 3.5 2 1 5 5 5
715.4 10222.3 28.8 148 0 13.3 6.7 10.5 3.5 2 0 3 1 1
929.3 11641.4 18.1 249 0 25.5 76.7 17.5 0.0 0 1 5 0 0
1346.8 9909.9 35.8 82 0 31.4 49.6 14.0 0.0 0 1 4 2 2
724.6 10255.5 28.4 150 0 12.0 11.4 17.5 3.5 2 0 5 3 3
1109.6 10040.9 38.3 352 0 10.8 22.7 17.5 3.5 4 1 5 5 5
505.5 10308.7 41.4 240 0 21.0 42.1 17.5 3.5 2 1 5 4 4
1136.1 10011.9 39.7 352 0 10.8 9.9 10.5 3.5 2 0 3 4 4
1393.0 9914.9 41.5 82 0 31.4 49.6 14.0 0.0 0 1 4 0 0
561.7 10576.1 35.7 66 0 10.2 12.6 17.5 3.5 2 1 5 0 0
601.7 10565.0 35.9 246 0 10.2 12.6 14.0 3.5 2 1 4 1 1
1064.4 10205.7 29.7 331 0 11.4 10.5 17.5 3.5 2 0 5 4 4
992.1 10215.3 28.3 151 0 10.2 20.1 17.5 3.5 2 1 5 5 5
1481.2 9907.0 29.4 261 0 25.2 60.2 14.0 3.5 2 1 4 5 5
578.7 10537.6 37.5 246 0 10.2 10.8 14.0 3.5 2 1 4 4 4
1202.7 9892.4 15.1 349 0 45.3 9.3 10.5 3.5 2 0 3 1 1
1088.6 11852.7 21.4 249 0 25.5 103.7 14.0 0.0 0 1 4 3 3
1440.0 9898.0 26.5 260 0 30.9 58.6 14.0 0.0 0 1 4 1 1
1045.9 10212.6 29.2 331 0 11.4 10.5 17.5 3.5 2 0 5 2 2
1105.0 10132.0 33.8 331 0 11.4 36.3 17.5 0.0 0 1 5 2 2
1254.8 9897.1 23.7 80 0 11.1 47.2 14.0 3.5 2 1 4 0 0
391.4 10489.0 40.1 65 0 19.5 49.6 17.5 3.5 2 1 5 1 1
438.0 10243.4 46.0 60 0 12.0 25.1 17.5 3.5 2 1 5 1 1
1135.2 10044.5 38.0 352 0 10.8 9.9 10.5 3.5 2 0 3 5 5
342.8 10552.5 38.8 245 0 53.9 18.0 17.5 3.5 2 0 5 0 0
1041.2 11778.9 21.8 159 0 103.7 25.5 14.0 0.0 0 0 4 5 5
1239.7 10003.7 32.6 260 0 17.5 47.3 14.0 3.5 2 1 4 3 3
710.1 10247.2 28.8 150 0 12.0 12.6 17.5 3.5 2 1 5 1 1
1116.7 10057.5 37.5 352 0 10.8 20.9 17.5 0.0 0 1 5 5 5
407.9 10583.0 36.6 245 0 53.9 18.0 17.5 3.5 2 0 5 4 4
708.4 10234.3 29.3 147 0 11.8 5.4 10.5 0.0 0 0 3 5 5
1312.7 9883.8 20.2 262 0 31.4 58.7 14.0 0.0 0 1 4 1 1
1029.0 10148.2 32.0 151 0 11.4 20.1 17.5 3.5 4 1 5 3 3
1037.6 10132.6 33.1 151 0 11.4 20.1 17.5 3.5 4 1 5 1 1
347.4 10196.4 37.3 150 0 54.9 18.0 17.5 3.5 2 0 5 4 4
1005.8 10190.3 29.8 151 0 11.4 20.1 17.5 3.5 2 1 5 2 2
571.8 10551.6 37.9 246 0 11.4 12.6 14.0 3.5 2 1 4 2 2
1037.3 10228.1 28.3 331 0 11.4 10.5 17.5 0.0 0 0 5 3 3
1303.8 10025.3 53.0 46 0 6.6 13.7 10.5 0.0 0 1 3 3 3
868.9 10140.4 30.6 227 0 38.4 18.0 17.5 3.5 2 0 5 4 4
1118.2 9853.1 18.9 82 0 34.6 54.5 17.5 0.0 0 1 5 5 5
896.2 10191.2 28.9 317 0 8.4 27.6 10.5 3.5 2 1 3 2 2
1253.9 9877.3 14.5 262 0 52.3 25.0 14.0 3.5 4 0 4 2 2
1162.0 9935.4 28.9 82 0 20.9 63.2 17.5 3.5 4 1 5 2 2
408.6 10312.3 46.4 240 0 29.9 57.1 17.5 3.5 4 1 5 2 2
1117.3 10025.2 39.1 352 0 10.8 20.9 17.5 3.5 2 1 5 4 4
1202.8 10017.1 37.3 63 0 9.9 52.7 10.5 3.5 2 1 3 3 3
495.9 10553.6 37.6 156 0 12.6 10.2 17.5 3.5 2 0 5 3 3
880.8 10123.1 31.8 227 0 44.4 6.3 10.5 3.5 2 0 3 0 0
1175.4 10292.1 25.0 315 0 31.8 43.3 14.0 0.0 0 1 4 5 5
514.3 10523.9 41.9 246 0 9.6 10.8 10.5 3.5 4 1 3 3 3
1124.4 10099.9 35.3 331 0 13.1 44.6 17.5 3.5 2 1 5 2 2
745.3 10262.2 28.4 60 0 10.2 9.6 10.5 3.5 2 0 3 1 1
-2704.2 -9019.5 -50.8 275 0 47.5 46.9 10.5 0.0 0 0 3 2 2
-2769.9 -8961.1 -51.1 94 0 25.8 52.7 14.0 3.5 2 1 4 2 2
95.5 -8514.2 -56.9 270 0 53.1 32.6 10.5 0.0 0 0 3 3 3
-26.7 -8510.1 -54.2 270 0 18.6 59.7 14.0 3.5 2 1 4 0 0
-3731.3 6725.5 -27.0 350 0 149.2 83.8 12.5 0.0 0 0 5 4 4
-3905.1 -10262.1 -62.9 91 0 21.3 31.9 14.0 0.0 0 1 4 1 1
-5353.7 6366.7 -30.7 39 0 124.1 201.6 14.0 0.0 0 1 4 5 5
-5505.4 6615.6 -28.9 194 0 153.8 319.6 14.0 0.0 0 1 4 1 1
-705.4 -8828.0 -57.2 359 0 13.1 12.6 14.0 0.0 0 0 4 0 0
-805.3 -8931.8 -60.2 179 0 13.6 30.6 21.0 0.0 0 1 6 2 2
-805.8 -8909.8 -60.0 179 0 12.8 12.2 24.5 0.0 0 0 7 4 4
-805.8 -8893.8 -59.6 179 0 12.3 12.1 24.5 0.0 0 0 7 4 4
-806.0 -8877.8 -59.3 179 0 13.0 12.0 24.5 0.0 0 0 7 4 4
-806.2 -8861.8 -59.2 179 0 13.1 12.4 28.0 0.0 0 0 8 5 5
-806.3 -8846.0 -59.2 179 0 12.8 12.7 24.5 0.0 0 0 7 3 3
-806.9 -8830.2 -59.1 179 0 13.1 12.6 24.5 0.0 0 0 7 2 2
-801.2 -8806.6 -59.0 269 0 12.4 13.9 31.5 0.0 0 1 9 1 1
-788.4 -8909.8 -59.8 179 0 12.8 12.2 14.0 3.5 2 0 4 1 1
-788.6 -8877.8 -59.1 179 0 13.0 12.0 14.0 3.5 2 0 4 2 2
-789.0 -8846.0 -58.7 179 0 12.8 12.7 14.0 3.5 2 0 4 1 1
-783.4 -8823.5 -58.7 269 0 12.6 13.1 14.0 3.5 2 1 4 3 3
-766.0 -8806.6 -58.2 269 0 12.4 13.9 14.0 3.5 4 1 4 4 4
-770.8 -8877.8 -58.9 179 0 13.0 12.0 14.0 3.5 2 0 4 1 1
-770.6 -8893.8 -59.2 179 0 12.3 12.1 14.0 3.5 2 0 4 3 3
-748.2 -8805.7 -57.8 269 0 12.4 13.9 14.0 3.5 2 1 4 4 4
-747.8 -8822.7 -57.8 269 0 12.6 13.1 14.0 3.5 2 1 4 5 5
-740.8 -8860.8 -58.3 359 0 13.1 12.4 14.0 3.5 2 0 4 5 5
-740.6 -8908.7 -59.4 359 0 12.8 12.2 14.0 3.5 2 0 4 2 2
-730.4 -8805.7 -57.3 269 0 12.4 13.9 14.0 3.5 2 1 4 2 2
-722.9 -8844.9 -57.8 359 0 12.8 12.7 14.0 3.5 2 0 4 3 3
-723.2 -8876.8 -58.5 359 0 13.0 12.0 14.0 3.5 4 0 4 5 5
-722.8 -8892.8 -58.9 359 0 12.3 12.1 14.0 3.5 2 0 4 5 5
-705.9 -8811.4 -56.9 359 0 13.9 12.4 14.0 3.5 2 0 4 5 5
-704.8 -8843.8 -57.6 359 0 12.8 12.7 14.0 3.5 2 0 4 3 3
-705.1 -8875.7 -58.3 359 0 13.0 12.0 14.0 3.5 4 0 4 3 3
-704.7 -8891.7 -58.7 359 0 12.3 12.1 14.0 3.5 2 0 4 1 1
-919.2 12164.6 18.4 61 0 19.5 46.6 14.0 3.5 2 1 4 5 5
-1037.6 12815.0 23.3 101 0 41.7 11.9 10.5 3.5 2 0 3 2 2
341.3 12747.0 9.5 269 0 28.5 80.5 12.5 0.0 0 1 5 1 1
544.4 12364.2 13.4 241 0 43.8 100.4 10.0 0.0 0 1 4 1 1
-1088.2 12820.2 20.3 102 0 50.4 14.2 10.5 0.0 0 0 3 5 5
-1124.8 12122.6 10.4 348 0 70.7 14.7 14.0 3.5 2 0 4 4 4
-1227.9 12181.1 11.0 77 0 29.3 58.9 14.0 0.0 0 1 4 3 3
-1109.0 12266.5 10.4 259 0 10.7 48.8 14.0 3.5 2 1 4 1 1
-953.0 12145.5 19.3 62 0 24.7 50.1 14.0 3.5 2 1 4 4 4
-927.9 12804.7 20.3 251 0 13.1 51.3 10.5 3.5 2 1 3 5 5
-890.7 12176.9 17.4 63 0 22.6 47.7 14.0 3.5 2 1 4 0 0
-1097.2 12205.1 11.3 258 0 12.3 56.4 10.5 3.5 2 1 3 4 4
-1148.7 12765.4 17.9 179 0 47.8 18.0 14.0 3.5 4 0 4 0 0
-1195.7 12248.7 6.7 256 0 27.5 63.5 14.0 0.0 0 1 4 0 0
-2046.5 2385.6 -1.9 84 0 7.0 53.8 10.5 3.5 2 1 3 5 5
-1951.6 2212.8 6.6 47 0 25.9 34.6 14.0 0.0 0 1 4 0 0
-1974.2 2186.5 14.8 47 0 15.9 43.1 14.0 3.5 2 1 4 0 0
-1432.9 10929.9 36.4 108 0 139.5 144.7 14.0 0.0 0 0 4 3 3
-1192.7 11065.6 24.1 14 0 94.1 224.7 14.0 0.0 0 0 4 1 1
-1225.4 10945.2 24.3 16 0 153.8 114.7 14.0 0.0 0 0 4 5 5
-1808.5 11021.6 27.4 290 0 159.0 126.1 14.0 0.0 0 0 4 1 1
-1957.1 10885.1 40.3 2 0 124.0 141.8 14.0 0.0 0 1 4 0 0
-1993.3 11159.3 29.3 170 0 125.2 80.9 14.0 0.0 0 0 4 5 5
-1968.2 11380.8 11.6 268 0 90.3 123.2 10.5 0.0 0 1 3 1 1
-2124.1 10924.3 40.8 3 0 197.3 104.5 10.5 0.0 0 0 3 0 0
-1152.6 11205.8 16.3 13 0 152.8 214.7 10.5 0.0 0 0 3 1 1
-1162.7 11482.5 14.5 271 0 125.8 201.7 10.5 0.0 0 0 3 4 4
-1470.7 10914.3 35.5 290 0 127.0 181.7 14.0 0.0 0 0 4 3 3
-1331.1 10865.6 28.0 288 0 169.1 158.0 14.0 0.0 0 0 4 2 2
-204.8 10638.5 20.8 360 0 236.0 364.4 10.5 0.0 0 1 3 0 0
5943.9 -5414.4 -57.6 63 0 52.7 150.0 14.0 0.0 0 1 4 4 4
5720.7 -5359.4 -51.1 334 0 42.7 45.0 14.0 0.0 0 1 4 5 5
5567.9 -5474.1 -54.6 333 0 16.8 65.3 10.5 3.5 2 1 3 5 5
5578.5 -5449.1 -55.8 153 0 50.0 52.6 14.0 0.0 0 1 4 4 4
5601.9 -5480.6 -55.6 153 0 19.0 31.8 14.0 0.0 0 1 4 3 3
1047.8 10269.5 27.0 327 0 10.0 8.9 10.5 3.5 2 0 3 5 5
1038.0 10263.9 27.0 330 0 11.3 32.6 17.5 3.5 2 0 5 3 3
-1643.6 10713.2 39.8 6 0 24.9 9.9 10.5 3.5 2 0 3 0 0
-1664.5 10744.8 38.2 281 0 21.4 9.1 10.5 3.5 2 0 3 0 0
-1895.7 10779.1 35.7 305 0 8.2 11.7 10.5 3.5 2 0 3 4 4
-1880.5 10782.4 34.8 277 0 22.3 9.2 10.5 3.5 2 0 3 4 4
-1864.2 10773.7 33.7 308 0 7.9 23.1 10.5 3.5 2 0 3 3 3
-1898.3 10731.7 33.5 129 0 8.8 22.6 10.5 3.5 2 1 3 0 0
-1890.8 10718.8 32.6 128 0 10.4 26.4 10.5 3.5 2 1 3 0 0
1103.1 -8974.6 -57.7 179 0 21.5 60.6 10.5 3.5 2 1 3 4 4
1232.5 -8972.3 -59.5 359 0 21.5 60.7 10.5 3.5 2 1 3 5 5
1121.6 -9057.5 -56.5 91 0 31.2 57.5 10.5 0.0 0 1 3 2 2
1166.3 -9056.0 -57.0 91 0 31.2 57.5 10.5 0.0 0 1 3 4 4
1204.7 -9053.4 -57.5 91 0 31.2 57.5 10.5 0.0 0 1 3 2 2
1123.5 -9155.0 -55.7 91 0 31.6 71.7 14.0 0.0 0 1 4 0 0
1168.0 -9156.7 -51.9 91 0 31.6 71.7 14.0 0.0 0 1 4 4 4
1209.8 -9156.7 -52.3 91 0 31.6 71.7 14.0 0.0 0 1 4 5 5
1252.5 -9153.2 -52.6 91 0 31.6 71.7 14.0 0.0 0 1 4 5 5
1166.3 -9249.5 -57.3 91 0 31.6 71.7 14.0 0.0 0 1 4 3 3
1212.4 -9248.6 -60.3 91 0 31.6 71.7 14.0 0.0 0 1 4 1 1
1254.2 -9248.6 -63.1 91 0 31.6 71.7 14.0 0.0 0 1 4 0 0
1114.4 -9199.5 -55.2 180 0 40.6 16.9 14.0 3.5 2 0 4 0 0
1111.4 -9247.9 -55.1 180 0 14.9 17.8 14.0 0.0 0 1 4 4 4
-1351.9 -9895.4 -58.3 184 0 56.4 22.3 14.0 3.5 2 0 4 1 1
-1355.8 -9960.4 -58.6 185 0 45.6 21.8 14.0 3.5 2 0 4 1 1
-1302.5 -10000.7 -58.7 95 0 32.4 57.9 14.0 0.0 0 1 4 1 1
-1310.2 -9895.9 -57.9 185 0 57.9 32.4 14.0 0.0 0 0 4 4 4
-1251.7 -9964.8 -62.6 95 0 45.5 90.7 14.0 0.0 0 1 4 4 4
-1342.6 -9845.4 -57.2 184 0 13.1 68.3 14.0 3.5 2 1 4 2 2
-1346.0 -9733.9 -58.5 185 0 63.4 32.1 14.0 0.0 0 0 4 2 2
-1282.8 -9712.3 -56.4 274 0 35.5 85.6 14.0 0.0 0 1 4 2 2
-1343.6 -9823.6 -57.0 184 0 12.2 69.0 14.0 3.5 4 1 4 3 3
-1254.3 -9994.8 -62.4 95 0 41.4 21.6 14.0 0.0 0 0 4 0 0
-1189.8 -9998.9 -64.0 94 0 37.5 119.7 14.0 0.0 0 1 4 2 2
-1263.5 -9850.5 -61.0 184 0 15.7 59.6 14.0 3.5 2 1 4 3 3
-1159.3 -9862.0 -62.4 5 0 18.8 37.9 14.0 3.5 2 1 4 3 3
3658.6 -6473.7 -58.1 62 0 26.3 103.3 14.0 0.0 0 1 4 4 4
3665.5 -6489.0 -59.0 242 0 26.5 77.5 14.0 0.0 0 1 4 1 1
5421.2 -5564.4 -50.2 64 0 34.7 21.9 14.0 0.0 0 0 4 5 5
5476.8 -5518.8 -51.6 333 0 9.5 38.0 10.5 3.5 4 1 3 1 1
5450.3 -5494.9 -51.1 242 0 25.9 7.1 10.5 3.5 2 0 3 2 2
5894.7 -5105.5 -59.7 64 0 40.8 32.9 14.0 0.0 0 0 4 5 5
5937.6 -5084.1 -59.7 64 0 40.8 33.2 14.0 0.0 0 0 4 0 0
6013.6 -5047.3 -59.9 64 0 40.8 33.2 14.0 0.0 0 0 4 5 5
6040.6 -4911.1 -59.7 153 0 53.8 29.3 14.0 0.0 0 0 4 5 5
5981.4 -4989.0 -59.4 243 0 24.9 25.2 14.0 0.0 0 0 4 0 0
5909.3 -5025.1 -59.0 243 0 25.0 25.8 14.0 0.0 0 0 4 0 0
5864.8 -5047.2 -59.0 243 0 24.9 25.2 14.0 0.0 0 0 4 3 3
5946.9 -5005.3 -59.5 243 0 28.0 52.5 14.0 0.0 0 1 4 3 3
5986.8 -4868.1 -57.7 333 0 54.7 18.1 14.0 3.5 2 0 4 3 3
5938.5 -4903.5 -57.2 63 0 18.2 57.3 14.0 3.5 2 0 4 4 4
5957.8 -5292.1 -54.6 153 0 65.5 119.7 15.0 0.0 0 1 6 3 3
6083.4 -5331.5 -58.5 63 0 55.9 45.7 7.5 0.0 0 0 3 0 0
6162.3 -5052.7 -57.2 242 0 51.1 151.9 14.0 0.0 0 1 4 5 5
4527.8 -5456.8 -50.2 153 0 98.2 30.1 10.5 0.0 0 0 3 0 0
4752.4 -5605.4 -52.8 242 0 46.2 81.0 14.0 0.0 0 1 4 5 5
4814.1 -5574.4 -53.2 242 0 46.2 81.0 14.0 0.0 0 1 4 1 1
6850.5 -4533.9 -60.8 161 0 152.7 25.4 14.0 0.0 0 0 4 0 0
5195.3 12016.2 25.2 138 0 34.8 473.7 10.0 0.0 0 0 4 3 3
6847.9 6132.8 -23.9 84 0 23.8 56.9 17.5 0.0 0 1 5 3 3
6808.0 6129.6 -23.4 84 0 23.8 54.4 17.5 3.5 2 1 5 5 5
6749.3 6149.9 -21.8 174 0 53.6 37.6 17.5 0.0 0 0 5 2 2
6829.2 6212.2 -24.1 248 0 12.6 8.6 10.5 3.5 2 0 3 4 4
1866.8 -8750.9 -63.8 243 0 62.4 15.4 7.5 0.0 0 0 3 0 0
