-1215.5 -2449.1 -118.9 254 0 57.5 28.1 7.5 0.0 0 0 3 3 3
-3091.1 11929.1 -157.8 333 0 14.3 15.6 7.5 2.5 2 1 3 2 2
-3075.3 11903.5 -158.0 333 0 14.3 15.6 2.5 2.5 2 1 1 1 1
-3147.6 11952.2 -153.7 153 0 14.3 15.6 7.5 2.5 2 1 3 3 3
-3103.1 11957.8 -159.1 333 0 14.4 15.6 7.5 2.5 2 1 3 4 4
-3039.4 11825.1 -154.8 315 0 15.3 15.2 5.0 2.5 2 0 2 2 2
-3062.6 11842.4 -153.2 153 0 14.5 15.6 2.5 2.5 2 1 1 4 4
-2980.5 11734.5 -152.7 122 0 28.5 12.8 10.0 2.5 2 0 4 2 2
-2911.0 11751.3 -151.9 40 0 28.4 10.5 10.0 2.5 2 0 4 5 5
-2940.6 11730.9 -146.8 71 0 28.4 12.0 10.0 2.5 2 0 4 5 5
-3120.6 11898.4 -150.4 153 0 14.5 15.6 2.5 2.5 2 1 1 5 5
-2984.2 11777.2 -154.4 312 0 14.6 16.2 7.5 2.5 2 1 3 5 5
-3093.1 11843.7 -149.3 155 0 14.7 15.6 2.5 2.5 2 1 1 5 5
-3129.1 11987.2 -157.3 244 0 15.7 14.4 2.5 2.5 2 0 1 2 2
-3017.7 11796.5 -153.9 313 0 15.2 15.7 5.0 2.5 2 1 2 4 4
-3132.9 11926.0 -153.7 153 0 14.5 15.6 10.0 2.5 2 1 4 3 3
-3064.4 11875.1 -154.6 333 0 14.4 15.6 2.5 2.5 2 1 1 1 1
-3105.2 11872.0 -152.6 155 0 14.7 15.8 5.0 2.5 2 1 2 1 1
2334.7 3642.2 -149.8 37 0 33.6 6.0 7.5 2.5 2 0 3 2 2
2286.4 3576.1 -145.9 37 0 33.6 6.0 7.5 2.5 2 0 3 4 4
2310.8 3611.1 -148.8 37 0 33.6 6.0 7.5 0.0 0 0 3 2 2
2363.7 3694.2 -149.6 307 0 6.0 33.6 5.0 2.5 2 1 2 1 1
-4240.8 5448.1 -135.0 159 0 10.6 26.5 12.5 2.5 2 1 5 2 2
-4504.8 5293.5 -87.0 179 0 15.0 7.2 5.0 2.5 2 0 2 2 2
-4464.4 5372.9 -89.7 90 0 26.0 34.9 7.5 0.0 0 1 3 5 5
-4498.0 5231.0 -102.6 273 0 21.9 9.2 5.0 0.0 0 0 2 1 1
-4504.1 5309.5 -83.8 180 0 9.9 6.6 5.0 2.5 2 0 2 5 5
-4234.8 5408.7 -135.9 314 0 5.0 16.2 7.5 2.5 2 1 3 5 5
-4517.9 5265.0 -88.2 2 0 8.9 33.1 7.5 2.5 2 1 3 3 3
-4273.3 5419.8 -131.8 309 0 17.6 6.6 5.0 2.5 2 0 2 2 2
-4018.8 1773.0 -154.2 132 0 23.9 11.2 12.5 2.5 2 0 5 3 3
-3992.6 1709.4 -152.6 65 0 12.3 32.9 17.5 0.0 0 1 7 2 2
5526.7 -5877.6 -150.7 55 0 22.3 16.8 14.0 0.0 0 0 4 4 4
5463.6 -5900.7 -161.5 146 0 35.7 32.6 14.0 0.0 0 0 4 5 5
5586.2 -5869.6 -151.8 101 0 14.3 18.2 14.0 3.5 2 1 4 2 2
5606.9 -5921.3 -155.8 326 0 13.6 38.6 14.0 3.5 2 1 4 2 2
5593.7 -5262.8 -5.6 173 0 34.9 9.7 10.5 3.5 2 0 3 0 0
5531.4 -5907.4 -154.5 236 0 36.8 18.4 14.0 3.5 2 0 4 4 4
5547.0 -5294.8 -4.6 263 0 10.8 37.3 14.0 3.5 2 1 4 5 5
-1691.4 -2630.0 -154.6 173 0 6.6 7.7 5.0 0.0 0 1 2 4 4
-1687.6 -2412.4 -144.2 12 0 15.2 10.1 5.0 2.5 2 0 2 3 3
-1585.6 -2658.9 -143.2 117 0 11.0 11.1 2.5 2.5 2 1 1 3 3
-4505.4 5434.1 -84.1 272 0 39.9 13.5 10.0 2.5 2 0 4 2 2
-4383.4 5340.3 -108.7 95 0 20.3 29.4 12.5 2.5 2 1 5 1 1
-4390.5 5376.4 -104.4 93 0 6.3 25.5 7.5 2.5 2 1 3 2 2
-4363.2 5442.9 -110.4 271 0 5.9 24.8 5.0 0.0 0 1 2 0 0
-4351.7 5375.2 -114.9 93 0 5.4 26.3 5.0 0.0 0 1 2 2 2
-4330.4 5374.9 -121.3 92 0 6.2 25.4 5.0 2.5 4 1 2 5 5
-4325.3 5442.5 -121.7 272 0 6.6 25.1 7.5 0.0 0 1 3 0 0
-4107.7 5525.9 -148.2 331 0 30.3 47.3 17.5 0.0 0 1 7 2 2
-4163.8 5613.3 -149.1 356 0 52.6 21.1 12.5 2.5 2 0 5 3 3
-851.1 11941.9 -150.2 240 0 6.9 18.2 7.5 2.5 2 1 3 5 5
-253.4 11873.7 -153.9 276 0 9.0 5.7 5.0 2.5 2 0 2 2 2
-224.3 11880.1 -155.0 13 0 7.1 6.2 7.5 2.5 2 0 3 5 5
-245.4 11880.3 -161.0 182 0 13.4 11.3 7.5 2.5 2 0 3 3 3
-765.9 11963.5 -142.5 252 0 8.9 17.4 7.5 0.0 0 1 3 1 1
-816.9 11929.7 -147.9 48 0 6.1 8.9 2.5 2.5 2 1 1 1 1
-627.4 11619.3 -102.4 182 0 47.9 12.6 12.5 2.5 2 0 5 4 4
-633.7 11569.4 -101.5 189 0 38.0 13.8 15.0 0.0 0 0 6 2 2
-755.6 11893.4 -130.8 169 0 14.3 19.2 5.0 0.0 0 1 2 4 4
-622.8 11527.8 -99.3 241 0 8.1 16.8 2.5 2.5 2 1 1 5 5
-6637.8 7141.7 150.4 235 0 8.3 4.7 5.0 2.5 4 0 2 2 2
-5541.6 7573.5 -109.9 34 0 10.5 3.9 4.0 2.5 2 0 1 1 1
-4537.5 6237.1 -149.1 236 0 9.1 18.6 2.5 2.5 4 1 1 0 0
-5366.8 8179.6 -141.3 82 0 12.7 19.0 12.5 2.5 4 1 5 4 4
-908.0 11655.7 -64.8 101 0 12.7 24.1 12.5 2.5 2 1 5 5 5
-1339.6 11569.5 -85.7 89 0 4.3 7.1 2.5 2.5 2 1 1 4 4
-1287.3 11764.7 -95.5 346 0 10.0 9.7 7.5 2.5 2 0 3 1 1
-3616.9 12644.0 -160.9 313 0 5.9 11.7 5.0 0.0 0 1 2 1 1
-3634.7 12726.7 -162.8 81 0 6.6 7.8 7.5 2.5 2 1 3 0 0
-3905.4 11294.6 -148.6 114 0 16.5 10.8 2.5 2.5 2 0 1 5 5
-3919.7 11301.0 -149.0 111 0 9.5 9.7 2.5 2.5 2 1 1 4 4
-3911.2 11281.6 -152.2 92 0 18.1 6.7 5.0 0.0 0 0 2 1 1
-3929.5 11280.5 -152.3 90 0 12.9 12.7 7.5 2.5 2 0 3 5 5
-4066.1 11206.4 -156.8 247 0 8.6 9.9 7.5 2.5 2 1 3 1 1
-4139.9 11243.8 -146.7 139 0 10.3 8.3 5.0 2.5 2 0 2 0 0
-4119.6 11262.3 -145.9 319 0 10.3 8.3 7.5 2.5 2 0 3 0 0
-5680.6 11778.3 -147.0 149 0 12.9 18.3 2.5 2.5 2 1 1 3 3
-6454.2 10839.5 -162.8 21 0 14.8 51.2 12.5 0.0 0 1 5 2 2
-6505.4 10788.2 -152.7 254 0 13.5 30.8 7.5 2.5 4 1 3 5 5
-4027.2 1880.5 -154.4 356 0 21.6 23.6 10.0 2.5 2 1 4 3 3
-4068.2 1817.2 -153.7 84 0 24.0 32.3 10.0 0.0 0 1 4 0 0
-4104.2 1813.7 -152.5 97 0 16.1 25.3 12.5 2.5 2 1 5 5 5
-4447.5 5204.4 -115.0 52 0 15.8 14.9 10.0 2.5 2 0 4 1 1
-4459.4 5251.2 -107.9 203 0 32.8 9.5 7.5 0.0 0 0 3 0 0
-4404.4 5248.2 -120.4 292 0 7.8 34.1 7.5 2.5 2 1 3 4 4
-4416.4 5275.1 -112.3 295 0 16.4 23.2 10.0 2.5 2 1 4 1 1
-3781.5 4125.8 -143.9 332 0 11.9 10.7 5.0 2.5 2 0 2 3 3
-3773.4 4116.2 -144.8 326 0 11.6 13.7 5.0 2.5 2 1 2 5 5
-3753.8 4082.2 -146.6 44 0 7.7 8.1 2.5 2.5 2 1 1 3 3
-3777.3 4080.1 -143.2 41 0 8.4 8.0 5.0 0.0 0 0 2 3 3
-3782.0 4069.1 -142.2 314 0 8.3 11.5 7.5 2.5 2 0 3 5 5
-3831.0 4068.5 -136.7 135 0 15.7 13.0 5.0 0.0 0 0 2 1 1
-4381.2 5751.4 -150.6 355 0 7.4 8.5 7.5 2.5 2 1 3 2 2
-4403.5 5742.2 -149.2 175 0 7.4 8.5 5.0 2.5 2 1 2 2 2
-5205.7 8228.2 -159.6 195 0 52.8 12.3 12.5 2.5 2 0 5 2 2
-4111.5 -2757.5 -133.0 179 0 8.9 15.1 5.0 2.5 2 1 2 5 5
-4140.8 -2751.0 -132.4 98 0 31.1 10.1 10.0 2.5 2 0 4 0 0
-5873.0 12232.5 -172.3 82 0 7.0 7.8 5.0 2.5 2 1 2 0 0
-6057.8 12173.2 -162.4 27 0 6.6 8.7 5.0 2.5 2 1 2 5 5
-6005.5 12191.4 -167.4 262 0 6.2 6.9 5.0 2.5 2 1 2 4 4
-5708.8 11720.9 -137.5 317 0 9.0 8.6 5.0 2.5 2 0 2 1 1
-5718.5 11890.6 -163.3 337 0 12.0 12.8 10.0 2.5 2 1 4 4 4
-6049.3 12155.8 -161.0 293 0 9.0 9.0 5.0 2.5 2 1 2 5 5
-6055.2 12098.0 -151.6 91 0 8.3 8.9 7.5 2.5 2 1 3 5 5
-4493.8 6011.7 -151.5 333 0 7.6 6.1 7.5 2.5 4 0 3 0 0
-4499.8 6017.1 -151.1 324 0 5.0 8.1 5.0 2.5 2 1 2 1 1
-4550.5 6003.1 -146.8 335 0 7.8 10.0 7.5 2.5 2 1 3 3 3
-4572.6 6039.0 -145.8 244 0 6.2 7.4 5.0 2.5 4 1 2 1 1
-4559.2 6053.9 -147.2 262 0 10.2 21.4 2.5 2.5 2 1 1 0 0
-4600.8 6041.3 -143.3 253 0 7.2 10.2 5.0 2.5 2 1 2 3 3
-4629.2 6027.3 -139.4 252 0 8.0 8.9 7.5 2.5 2 1 3 3 3
-4597.9 6058.5 -142.6 251 0 7.5 12.3 7.5 2.5 2 1 3 1 1
-4614.5 6046.9 -140.6 251 0 7.5 10.4 7.5 2.5 2 1 3 5 5
-4580.1 6048.1 -145.1 248 0 11.9 8.8 7.5 0.0 0 0 3 2 2
-4513.4 6023.1 -150.1 338 0 10.5 7.2 5.0 2.5 2 0 2 0 0
-4516.8 6035.2 -150.0 333 0 9.4 7.8 7.5 2.5 2 0 3 0 0
-4498.8 6026.9 -151.3 338 0 7.8 12.1 7.5 0.0 0 1 3 2 2
-4506.7 6040.4 -150.8 332 0 8.6 8.5 7.5 2.5 4 0 3 4 4
-4587.2 6029.4 -144.8 249 0 7.7 9.8 5.0 2.5 2 1 2 4 4
-4561.4 6069.9 -146.2 262 0 8.7 13.7 7.5 2.5 2 1 3 0 0
-4528.3 6047.0 -149.2 331 0 9.3 7.6 7.5 2.5 2 0 3 2 2
-4519.6 5984.4 -149.2 64 0 9.7 6.9 2.5 2.5 2 0 1 2 2
-4534.3 5990.7 -147.8 334 0 6.9 10.3 2.5 2.5 2 1 1 3 3
-4600.2 5978.9 -142.5 176 0 8.9 9.3 7.5 0.0 0 1 3 5 5
-4596.4 5959.6 -141.1 86 0 8.1 13.3 2.5 2.5 2 1 1 4 4
-4556.6 5957.4 -145.9 63 0 8.7 11.3 5.0 2.5 2 1 2 4 4
-4586.8 5955.3 -142.4 91 0 8.3 14.0 7.5 0.0 0 1 3 3 3
-4515.3 5970.4 -148.8 344 0 5.8 10.9 2.5 2.5 2 1 1 1 1
-4546.7 5940.3 -146.3 67 0 10.6 8.7 5.0 2.5 2 0 2 4 4
-4446.0 6031.8 -155.6 298 0 19.7 6.8 2.5 2.5 2 0 1 3 3
-4636.4 5754.5 -114.3 50 0 9.2 4.2 5.0 0.0 0 0 2 2 2
-4639.8 5758.5 -114.2 56 0 9.3 3.9 7.5 2.5 4 0 3 1 1
-6911.8 1383.5 69.4 178 0 14.3 14.6 5.0 2.5 2 1 2 0 0
-6670.5 1519.1 70.6 44 0 25.5 13.9 10.0 2.5 2 0 4 2 2
-6877.2 1053.8 31.5 44 0 25.7 21.0 15.0 0.0 0 0 6 1 1
-6813.6 857.0 -2.3 295 0 8.2 10.2 5.0 2.5 2 1 2 5 5
-6125.3 9824.8 -96.7 173 0 8.5 7.3 2.5 2.5 2 0 1 3 3
-5599.4 9440.6 -150.6 321 0 10.0 9.4 7.5 0.0 0 0 3 5 5
-1738.4 -2643.3 -155.8 162 0 8.2 17.1 5.0 2.5 4 1 2 2 2
-1701.9 -2449.7 -143.7 107 0 8.4 15.5 5.0 2.5 2 1 2 5 5
-1585.9 -2595.9 -140.4 110 0 6.9 16.2 7.5 2.5 2 1 3 1 1
-4288.9 2718.8 -102.8 4 0 43.0 20.9 12.5 0.0 0 0 5 0 0
-6704.3 -1156.7 -155.5 342 0 6.1 10.7 10.5 3.5 2 0 3 5 5
-6706.2 -1150.9 -155.6 342 0 6.0 10.7 10.5 3.5 2 0 3 2 2
-6721.2 -1167.8 -156.4 73 0 7.6 8.4 10.5 3.5 2 1 3 2 2
-6856.1 -610.7 -152.3 127 0 10.6 6.1 5.0 2.5 2 0 2 4 4
-6694.2 -1220.0 -154.7 134 0 6.3 10.4 10.5 3.5 2 0 3 5 5
-6689.7 -1224.3 -154.4 134 0 6.2 10.4 10.5 3.5 2 0 3 1 1
-6718.7 -996.7 -149.8 81 0 6.1 7.2 10.5 3.5 2 1 3 1 1
-6713.7 -1006.5 -150.5 351 0 11.5 7.0 7.0 3.5 2 0 2 4 4
-6787.3 -979.8 -154.8 265 0 16.6 12.6 10.5 3.5 4 0 3 5 5
-6768.8 -1018.8 -154.5 89 0 7.1 20.9 10.5 0.0 0 1 3 3 3
-6652.0 1513.7 67.2 315 0 5.9 9.8 7.5 2.5 4 1 3 3 3
-6669.2 1496.3 64.2 314 0 6.2 10.4 7.5 2.5 2 1 3 4 4
-6663.6 1526.0 73.7 46 0 11.3 12.8 5.0 2.5 2 0 2 2 2
-6889.5 933.0 31.8 187 0 7.1 5.1 5.0 0.0 0 0 2 0 0
-6564.9 935.7 -29.4 162 0 4.3 10.0 7.5 2.5 2 0 3 3 3
-6044.4 693.1 -61.8 154 0 5.7 5.9 5.0 2.5 2 1 2 5 5
-6815.7 1024.3 13.3 330 0 5.1 10.9 5.0 2.5 2 1 2 0 0
-6819.6 1077.6 17.1 203 0 8.2 5.6 7.5 2.5 2 0 3 1 1
-6644.7 274.2 -84.3 132 0 5.5 11.4 2.5 2.5 2 1 1 1 1
-6638.6 603.7 -70.2 235 0 4.9 10.0 5.0 2.5 2 1 2 3 3
-6689.0 353.1 -74.2 356 0 7.9 10.8 7.5 2.5 2 1 3 2 2
-6691.6 339.6 -74.0 358 0 12.4 20.7 10.0 0.0 0 1 4 1 1
-6090.5 614.1 -73.0 26 0 9.4 6.4 2.5 2.5 2 0 1 0 0
-6585.6 398.1 -78.0 58 0 17.7 12.8 5.0 2.5 2 0 2 2 2
-6581.3 417.2 -77.4 229 0 14.0 12.9 10.0 2.5 2 0 4 3 3
-6667.1 398.9 -69.0 164 0 8.6 25.4 5.0 2.5 2 0 2 1 1
-6635.8 239.9 -84.2 340 0 7.6 13.8 2.5 2.5 2 1 1 3 3
-6643.6 217.4 -83.0 333 0 24.2 13.4 12.5 2.5 2 0 5 2 2
-6680.4 194.9 -76.4 152 0 18.2 14.8 12.5 2.5 2 0 5 2 2
-6880.8 982.7 33.1 297 0 7.8 6.4 7.5 2.5 2 0 3 2 2
-6853.7 1337.5 51.0 356 0 10.9 11.0 5.0 2.5 2 1 2 4 4
-5957.7 333.1 -66.2 55 0 5.9 12.6 5.0 2.5 2 0 2 5 5
-5926.4 349.7 -59.3 58 0 13.5 6.3 5.0 2.5 2 0 2 4 4
-5907.2 362.2 -55.6 60 0 15.1 5.9 5.0 2.5 2 0 2 0 0
-5984.4 -86.8 -98.7 232 0 5.7 10.3 7.5 2.5 2 0 3 2 2
-6029.3 294.1 -75.7 132 0 10.2 6.0 5.0 2.5 2 0 2 5 5
-5921.0 920.8 20.1 302 0 9.8 11.1 7.5 2.5 2 1 3 2 2
-6197.4 81.7 -115.8 152 0 5.9 10.4 7.5 2.5 2 1 3 5 5
-5799.2 257.3 -28.2 146 0 17.9 9.6 7.5 2.5 2 0 3 1 1
-5983.2 950.9 19.7 211 0 10.1 8.0 7.5 2.5 2 0 3 0 0
-5954.9 912.7 10.2 299 0 36.3 13.4 12.5 2.5 2 0 5 5 5
-5192.8 8776.7 -140.1 340 0 18.9 11.4 7.5 2.5 2 0 3 0 0
-5227.9 8587.0 -151.9 265 0 6.3 11.9 7.5 2.5 2 1 3 3 3
-3555.3 2717.7 -135.3 90 0 14.2 5.5 2.5 2.5 2 0 1 2 2
-4010.9 4645.1 -143.1 104 0 5.5 8.8 7.5 2.5 2 1 3 1 1
-4147.6 4764.0 -134.4 64 0 10.6 10.6 7.5 2.5 2 0 3 3 3
-4279.6 4803.0 -129.4 110 0 11.5 13.7 5.0 2.5 2 1 2 5 5
-3904.7 4539.7 -149.1 113 0 8.2 8.1 7.5 2.5 4 0 3 4 4
-4259.1 5614.6 -141.7 108 0 8.1 10.6 7.5 2.5 2 1 3 5 5
-5690.7 9433.5 -144.4 332 0 6.1 6.1 5.0 2.5 2 0 2 2 2
-6235.2 10407.2 -153.9 181 0 5.0 7.3 2.5 0.0 0 1 1 5 5
-6196.3 10576.0 -161.9 341 0 7.8 6.3 5.0 2.5 2 0 2 0 0
-5930.5 10996.2 -161.0 56 0 11.1 10.0 5.0 2.5 2 0 2 5 5
-4450.1 5829.5 -151.3 70 0 7.6 8.2 5.0 2.5 2 1 2 2 2
2373.4 3755.3 -154.3 188 0 31.9 6.0 7.5 0.0 0 0 3 2 2
-6700.5 -1213.5 -155.1 135 0 5.9 10.6 10.5 3.5 2 1 3 4 4
-1531.7 -2308.5 -155.7 46 0 7.2 10.3 7.5 2.5 2 1 3 1 1
-1752.9 -2627.4 -152.1 58 0 5.6 14.4 7.5 2.5 2 1 3 1 1
-5292.0 7855.6 -145.4 180 0 8.8 13.6 5.0 2.5 2 1 2 1 1
-5258.5 7826.1 -147.3 216 0 6.2 8.4 2.5 2.5 4 1 1 3 3
